"playerId","player","team","position","age","exp","bye","points","lower","upper","sdPts","positionRank","dropoff","tier","ptSpread","overallECR","positionECR","sdRank","risk","sleeper","salary"
2552475,"Todd Gurley","LAR","RB",24,3,12,27.2285069322966,23.755,29.7633853632528,2.28681567968776,1,4.89311140997959,1,6.00838536325276,NA,1,0,6.11579271226047,NA,NA
2558125,"Patrick Mahomes","KC","QB",NA,1,12,24.1049255986441,21.6918957475994,25.7633866635437,1.82913734590738,1,2.27540150448829,1,4.07149091594422,NA,1,0.2,6.89859584213632,NA,NA
2541785,"Adam Thielen","MIN","WR",28,4,10,23.5197893632893,20.52,25.8996109448146,2.09127238549882,1,2.05733286115757,1,5.37961094481462,NA,1.1,0.3,2.60797429767159,NA,NA
2560968,"Saquon Barkley","NYG","RB",21,0,9,23.359838189987,19.2058436213992,25.3534690507666,2.178765904666,2,2.4596006444665,2,6.14762542936746,NA,2.9,0.6,6.24055516904534,NA,NA
2506363,"Aaron Rodgers","GB","QB",35,13,7,21.978754984314,17.1597393689986,24.8231414119689,2.95993076113991,2,0.601408468815318,2,7.66340204297022,NA,2.5,0.9,9.52083679306951,NA,NA
2508061,"Antonio Brown","PIT","WR",30,8,7,21.9775652291572,18.36,23.7314653024179,2.25394844619014,2,1.06073573991249,2,5.37146530241788,NA,2.1,0.6,2.77970723537985,NA,NA
2552033,"Jameis Winston","TB","QB",24,3,5,21.6802932039976,20.589,22.6513799639233,0.833207926031915,3,0.680109837371834,2,2.06237996392331,NA,7.7,1.9,6.33903293268632,NA,NA
2557978,"James Conner","PIT","RB",23,1,7,21.3109528546469,18.7690260631001,23.1553654423786,1.79295890615378,3,1.00017084381174,3,4.3863393792785,NA,3.7,0.6,5.69363867214641,NA,NA
2533031,"Andrew Luck","IND","QB",29,6,9,21.0743998269998,18.6146173917304,22.9054720055177,1.7552622374354,4,0.177104832593436,3,4.29085461378737,NA,5.8,1.1,7.44170631650734,NA,NA
2540165,"DeAndre Hopkins","HOU","WR",26,5,10,20.9473477751063,14.921,23.5733895348837,3.26798440046476,3,0.279294118390133,3,8.65238953488372,NA,4.7,1,3.00868448565755,NA,NA
2532820,"Kirk Cousins","MIN","QB",30,6,10,20.9259669062519,19.0738957475995,22.4176478537896,1.53460178449578,5,0.10743748482108,3,3.34375210619012,NA,3.7,1,6.95765376879428,NA,NA
2495450,"A.J. Green","CIN","WR",30,7,9,20.8863112033832,18.19,23.2523829475341,2.66126901903557,4,0.60599922921898,3,5.0623829475341,NA,3,0.6,2.77970723537985,NA,NA
2558063,"Deshaun Watson","HOU","QB",23,1,10,20.8686230825608,15.8904936213992,22.9753760923294,2.8474224468429,6,0.322097087602113,3,7.08488247093023,NA,11.9,2.1,10.2190506371657,NA,NA
2506109,"Ben Roethlisberger","PIT","QB",36,14,7,20.7684357603007,18.0043127572016,22.0778777628556,1.71217690311156,7,0.449576828237539,4,4.07356500565398,NA,5.8,1.3,7.51302562466799,NA,NA
2558019,"Alvin Kamara","NO","RB",22,1,6,20.4895222363941,16.7583813443073,22.4274032896546,2.3672643980354,4,0.636069814670016,3,5.66902194534737,NA,7,0.9,6.64673533939224,NA,NA
2556370,"Michael Thomas","NO","WR",24,2,6,20.4497961100492,18.0770513675784,22.9310182428538,2.04250928428287,5,0.377100106123972,3,4.85396687527545,NA,6.7,1.3,3.18041742336582,NA,NA
2555334,"Jared Goff","LAR","QB",24,2,12,20.3246162296167,16.1978436213992,22.1227086573481,2.23740777025021,8,0.0193181458251139,4,5.92486503594889,NA,3.4,1.1,8.33430683511461,NA,NA
2495143,"Andy Dalton","CIN","QB",31,7,9,20.3131016345096,18.75,21.3454504747116,1.08453951176541,9,0.0306017869639135,5,2.59545047471163,NA,9.8,1.2,6.27553287776429,NA,NA
2558008,"Mitchell Trubisky","CHI","QB",24,1,5,20.2974945330736,18.0848610131295,22.1559912091341,1.66057046916132,10,0.17380214012957,5,4.07113019600453,NA,11.6,1.3,7.41748615251209,NA,NA
2504775,"Drew Brees","NO","QB",39,17,6,20.2675051620179,18.6537032725848,20.9456373244334,1.46305180510368,11,0.443994439977335,5,2.29193405184869,NA,8.5,1.9,7.50506877630163,NA,NA
2557917,"Kareem Hunt","KC","RB",23,1,12,20.1320417852762,17.79,21.6729787718988,1.46493406456269,5,1.08949341315673,4,3.88297877189883,NA,2.4,0.7,5.2749557754884,NA,NA
2543496,"Odell Beckham","NYG","WR",26,4,9,20.1108278382793,16.5,22.5960337070224,2.22666893727667,6,0.395964594798638,3,6.09603370702242,NA,7.7,1,3.00868448565755,NA,NA
2543495,"Davante Adams","GB","WR",26,4,7,20.0345641695711,17.5133155436958,22.392261983089,2.31550855665166,7,1.18152620033397,3,4.8789464393932,NA,6.1,1.3,3.18041742336582,NA,NA
2504211,"Tom Brady","NE","QB",41,18,11,19.97987962387,17.9430781893004,20.9497098771822,1.60559806061516,12,0.701382398851674,6,3.00663168788181,NA,7.6,1.1,7.1646316310555,NA,NA
2495455,"Cam Newton","CAR","QB",29,7,4,19.6671418202111,16.6770781893004,21.4383060219427,1.80272993152337,13,1.24002171165317,6,4.76122783264229,NA,12.6,1.2,7.60512549556202,NA,NA
2543773,"James White","NE","RB",26,4,11,19.574863058172,17.1787654320988,21.1337080477674,1.41811845111463,6,1.25892639691546,5,3.95494261566863,NA,6.9,1.2,5.44020108413408,NA,NA
2556214,"Tyreek Hill","KC","WR",24,2,12,19.3951623173902,16.8746090534979,21.8359700285406,2.08601047190367,8,1.32657764587371,4,4.96136097504262,NA,5,1,3.00868448565755,NA,NA
2532975,"Russell Wilson","SEA","QB",30,6,7,18.8898526298256,16.6294,19.7249248927071,1.20479152524318,14,1.07305855301366,7,3.09552489270713,NA,13.9,1.2,6.4981565510921,NA,NA
2557976,"Joe Mixon","CIN","RB",22,1,9,18.510233686067,14.8387654320988,20.298433704524,1.93053348474028,7,0.646000940409316,6,5.45966827242525,NA,5.1,0.5,5.84234100578294,NA,NA
2540169,"Robert Woods","LAR","WR",26,5,12,18.310913621084,15.96,19.9023138152005,1.51572651382737,9,0.57658941935609,5,3.94231381520051,NA,9.3,0.9,2.95144017308812,NA,NA
2553435,"David Johnson","ARI","RB",27,3,9,18.121639636446,16.31,18.993428112677,1.08258284326321,8,1.286746785437,6,2.68342811267703,NA,7.2,0.9,4.82558243580014,NA,NA
79860,"Matthew Stafford","DET","QB",30,9,6,17.9643875872903,15.372817558299,19.1715173811189,1.63146574676611,15,0.324764513608194,8,3.79869982281991,NA,14.3,1,7.13697892493973,NA,NA
2540158,"Zach Ertz","PHI","TE",28,5,9,17.8306057127592,15.48,20.1817540016509,1.85182117251253,1,2.26307100614985,1,4.70175400165088,NA,2,0.3,6.46095876079282,NA,NA
2552608,"Stefon Diggs","MIN","WR",25,3,10,17.8262557219489,15.23,20.1267296386285,1.9670682276585,10,0.207077942097186,5,4.89672963862849,NA,12.1,1.4,3.23766173593524,NA,NA
2560800,"Baker Mayfield","CLE","QB",23,0,11,17.6692005663335,16.3008,18.7718643091109,1.20913105506254,16,0.287703899666862,8,2.47106430911095,NA,17.3,1.1,6.4306485685123,NA,NA
2540258,"Travis Kelce","KC","TE",29,5,12,17.654411477461,14.25,20.0329146952597,2.27727619951469,2,4.4201237077729,1,5.78291469525971,NA,1,0.2,7.09995432818536,NA,NA
2543468,"Mike Evans","TB","WR",25,4,5,17.642392681507,15.51,19.744355206483,1.62616189941492,11,0.0950517515972216,6,4.23435520648296,NA,12.9,0.9,2.95144017308812,NA,NA
2555259,"Carson Wentz","PHI","QB",26,2,9,17.6100455810308,13.7757914951989,18.9388177547793,1.77113945688353,17,0.500024752991113,8,5.16302625958035,NA,15.9,0.9,7.3200163716914,NA,NA
2557997,"Christian McCaffrey","CAR","RB",22,1,4,17.6068258548694,14.6,18.6664000699947,1.76277313052716,9,1.67875515457422,7,4.0664000699947,NA,10.4,1.7,6.1603911243086,NA,NA
2558149,"JuJu Smith-Schuster","PIT","WR",22,1,7,17.5959628781964,16.006,19.1488457039712,1.6303248011641,12,0.136239257636511,6,3.14284570397119,NA,10.4,1.3,3.18041742336582,NA,NA
497322,"Emmanuel Sanders","DEN","WR",31,8,10,17.4987189816232,12.83,21.2249764585928,3.23833540671688,13,0.49151971492708,6,8.39497645859278,NA,14.3,1.4,3.23766173593524,NA,NA
2543498,"Brandin Cooks","LAR","WR",25,4,12,17.4207282594966,14.427,20.2737039697788,3.51731278612662,14,0.863820389980457,6,5.8467039697788,NA,10.9,1.6,3.35215036107409,NA,NA
2506340,"Alex Smith","WAS","QB",34,13,4,17.1529477523026,15.4347671761709,18.1412031119405,1.07104230992665,18,0.125103519403027,9,2.70643593576966,NA,20.1,1.4,6.40162897136277,NA,NA
382,"Joe Flacco","BAL","QB",33,10,10,17.0670939037767,14.8653388203018,18.1333462422324,1.09542315445422,19,0.374680942212539,10,3.26800742193066,NA,18.6,1,6.14459827775254,NA,NA
2532888,"Case Keenum","DEN","QB",30,6,10,16.9885945620223,13.8236139035861,19.1256220446686,2.18112505190766,20,0.953325855798131,10,5.30200814108252,NA,19.7,1.1,8.23011011407917,NA,NA
2532865,"T.Y. Hilton","IND","WR",29,6,9,16.5936702738956,12.695,18.8713505110015,2.25687274805597,15,0.505149011993336,7,6.17635051100146,NA,14.9,1.8,3.46663898621293,NA,NA
2543488,"Jarvis Landry","CLE","WR",26,4,11,16.5201454651367,13.9163193277311,18.5642250424209,2.51481327208894,16,0.971051482291699,7,4.64790571468982,NA,16.6,1.9,3.52388329878236,NA,NA
2505996,"Eli Manning","NYG","QB",37,14,9,16.3962313611061,13.9601563786008,17.8844264313713,1.35922803394187,21,0.836794903828576,11,3.92427005277045,NA,23.1,0.9,6.55744091529036,NA,NA
2558250,"Tarik Cohen","CHI","RB",23,1,5,16.0629598471487,13.578,18.5107797522488,2.78180509725818,10,0.732737236212792,8,4.93277975224879,NA,17.4,1.9,7.6976058635466,NA,NA
2559947,"Phillip Lindsay","DEN","RB",24,0,10,15.7931815534416,13.7253909465021,17.8748073773875,1.80252632610299,11,1.33442385698848,8,4.14941643088546,NA,10.7,1.5,6.12410061446631,NA,NA
2543499,"Derek Carr","OAK","QB",27,4,7,15.6743060513423,11.4214951989026,17.2818577507599,2.40788722131946,22,0.245692614836949,12,5.86036255185727,NA,19.8,1.4,8.8765424155262,NA,NA
2555466,"Tyler Boyd","CIN","WR",24,2,9,15.6568970586678,11.71,18.5346467304389,2.44370568040786,17,0.216281674048108,7,6.82464673043891,NA,16.7,1.3,3.18041742336582,NA,NA
2543477,"Blake Bortles","JAC","QB",27,4,9,15.4445668632126,12.7412345679012,16.8940493617021,1.58605290580419,23,0.533842380555383,12,4.15281479380089,NA,23.7,1.3,7.27953109294821,NA,NA
497326,"Golden Tate","DET","WR",30,8,6,15.4412909070222,11.48,18.2960324950354,3.44663944014034,18,0.0547476173863952,7,6.81603249503535,NA,18.3,2.2,3.69561623649063,NA,NA
238498,"Julian Edelman","NE","WR",32,9,11,15.4399398622172,12.0645071428571,18.0158486244563,2.66087190630011,19,0.515921907923833,8,5.95134148159917,NA,23.4,1.9,3.52388329878236,NA,NA
2557922,"C.J. Beathard","SF","QB",25,1,11,15.4126600097982,13.2998028904566,16.9958185258387,1.48720993530848,24,1.40312517832647,12,3.69601563538206,NA,21.9,1.1,6.9454585912707,NA,NA
2533039,"Alshon Jeffery","PHI","WR",28,6,9,15.3331467170545,12.1426517273576,17.4621660874291,2.04120905850448,20,1.24899668972039,8,5.31951436007148,NA,23.4,2.3,3.75286054906005,NA,NA
2560765,"Kerryon Johnson","DET","RB",21,0,6,14.8672636684303,12.4387654320988,17.4401172602179,2.15959510069908,12,1.1942878747933,9,5.00135182811911,NA,11.9,1.6,6.67660020557504,NA,NA
2558052,"Kenny Golladay","DET","WR",25,1,6,14.5148891915322,12.45,17.1184516171713,2.71954115326143,21,0.880243559406622,8,4.66845161717134,NA,19.8,1.8,3.46663898621293,NA,NA
2533436,"Brock Osweiler","MIA","QB",28,6,11,14.4087889555164,13.1014291201254,16.1307233450494,1.27862089983391,25,1.22017054575739,13,3.02929422492401,NA,25.3,0.7,6.25712858747965,NA,NA
2558123,"Marlon Mack","IND","RB",NA,1,9,14.0502517244758,12.4906113952577,15.306523706704,1.17017502185631,13,0.758821491018484,10,2.81591231144632,NA,11.3,3,5.92251724022485,NA,NA
2543847,"John Brown","BAL","WR",28,4,10,13.653410863136,10.8614476317545,17.3048270264884,2.99628592586863,22,0.106812919539435,9,6.44337939473389,NA,20.5,1.9,3.52388329878236,NA,NA
2530747,"Doug Baldwin","SEA","WR",30,7,7,13.6158804011151,11.205,16.3409555261958,3.32127835019529,23,0.41797235725622,9,5.13595552619576,NA,23.5,1.6,3.35215036107409,NA,NA
2561036,"Sam Darnold","NYJ","QB",21,0,11,13.610280707427,11.6986181559867,14.9094024677956,1.37305130163543,26,1.7392116872428,14,3.21078431180895,NA,26.9,0.4,6.20532308670847,NA,NA
2558266,"George Kittle","SF","TE",25,1,11,13.4806579357576,9.91,15.1494512990918,2.61956687880188,3,0.540294752689277,2,5.23945129909179,NA,3.4,0.7,7.79520714408175,NA,NA
2555346,"Will Fuller","HOU","WR",24,2,10,13.4773154860781,0.054156378600823,14.2580386663796,5.55995672208548,24,0.568915054514621,10,14.2038822877787,NA,NA,NA,NA,NA,NA
2507164,"Adrian Peterson","WAS","RB",33,11,4,13.2956998627983,10.83,14.8446632650705,1.49539992876887,14,0.144841817255868,11,4.01466326507047,NA,13.2,1.7,5.7813653019824,NA,NA
2533034,"Lamar Miller","HOU","RB",27,6,10,13.2871606041164,9.5191466083151,14.901225027768,1.7975643256397,15,0.330407060046269,11,5.38207841945289,NA,15.4,2,6.34867722473292,NA,NA
2561021,"Nick Chubb","CLE","RB",23,0,11,13.0145554869685,11.53,13.6423145390071,0.812306336167644,16,0.209054598199167,11,2.11231453900709,NA,13.4,1.9,4.90566230830727,NA,NA
2543466,"Eric Ebron","IND","TE",25,4,9,12.9879176036187,11.0662741827885,14.7489470820426,1.53604335517809,4,0.479910968888857,2,3.68267289925403,NA,5.3,1.7,6.40047183579765,NA,NA
2552458,"Devin Funchess","CAR","WR",24,3,4,12.9185006016396,10.44,14.8183749946576,2.0725014285405,25,0.120117605312888,10,4.37837499465763,NA,32,2.8,4.03908211190716,NA,NA
2552471,"T.J. Yeldon","JAC","RB",25,3,9,12.8989516011717,9.32,15.8769830638037,2.50852915224625,17,0.480026511183551,11,6.55698306380375,NA,25.2,3.2,7.91240017833947,NA,NA
497328,"Demaryius Thomas","DEN","WR",31,8,10,12.8983002614875,8.92377186642575,14.5778056874924,2.07586434592881,26,0.284522574094316,10,5.65403382106664,NA,27.6,1.8,3.46663898621293,NA,NA
71265,"Jared Cook","OAK","TE",31,9,7,12.892808762518,10.26,15.3338595125412,2.6589221854803,5,0.790609454645963,2,5.07385951254117,NA,6,1.9,8.23172928857635,NA,NA
2560858,"Josh Rosen","ARI","QB",21,0,9,12.7669561120909,8.7942085048011,14.0378818436715,1.85341369153053,27,6.39931229668822,15,5.24367333887043,NA,25.4,0.8,7.39678963452837,NA,NA
2541161,"Latavius Murray","MIN","RB",28,5,10,12.7120501763668,10.62,14.910347983415,2.21428320972068,18,0.602262123415702,12,4.290347983415,NA,17.9,2.8,7.30999124513644,NA,NA
2555295,"Sterling Shepard","NYG","WR",NA,2,9,12.6984657311658,11.6226517273576,13.7805714285714,0.911960983845101,27,0.382845251538443,10,2.15791970121382,NA,33.8,2.9,4.09632642447659,NA,NA
71269,"Michael Crabtree","BAL","WR",31,9,10,12.5290896436205,10.6652114543201,13.7105319767442,1.16655034186456,28,0.475503709923695,10,3.04532052242412,NA,30.5,2.3,3.75286054906005,NA,NA
100005,"Bears","CHI","DST",NA,NA,5,12.2730459868832,9.6432304526749,13.4182693770935,1.75462553059505,1,0.0973727003581839,1,3.7750389244186,NA,NA,NA,6.55102466993674,NA,NA
100027,"Steelers","PIT","DST",NA,NA,7,12.1890297092253,7.55,12.6562033471761,2.04977270355972,2,0.442797610282955,2,5.10620334717608,NA,NA,NA,7.34146975437646,NA,NA
100021,"Patriots","NE","DST",NA,NA,11,12.1623168638247,9.87231686382472,13.3184856030002,1.50847274685978,3,1.12383729527417,3,3.44616873917549,NA,NA,NA,5.89179335841748,NA,NA
2550189,"Isaiah Crowell","NYJ","RB",25,4,11,12.1258000036095,10.6770781893004,13.9367358525543,1.2369270923802,19,0.195134635198771,12,3.25965766325387,NA,20.9,2.8,5.92450009028467,NA,NA
2557986,"David Njoku","CLE","TE",22,1,11,12.1232045069416,7.812,16.1104021972431,3.12614758786501,6,0.149244291187772,3,8.29840219724312,NA,6.1,1.5,8.84289269975901,NA,NA
2537931,"Josh Gordon","NE","WR",27,6,11,12.1021513156343,10.2016068711899,13.312125,1.33285553596587,29,0.232447760000642,10,3.11051812881011,NA,22.4,2.2,3.69561623649063,NA,NA
2555430,"Alex Collins","BAL","RB",24,2,10,12.0937761022928,10.53,13.975034508104,1.46620188131196,20,0.327664474883912,12,3.44503450810403,NA,22.1,1.3,5.55468585746255,NA,NA
497240,"Rob Gronkowski","NE","TE",29,8,11,12.0811941088026,9.05728018679119,14.5362848837209,2.24760246615236,7,0.550698090090627,3,5.47900469692974,NA,7.2,4.4,8.36405452820307,NA,NA
2552430,"Tyler Lockett","SEA","WR",26,3,7,12.0050205517592,10.099729916658,13.8918822892661,2.16881064225301,30,0.349184584590166,10,3.79215237260807,NA,27.1,2,3.58112761135178,NA,NA
497236,"Jimmy Graham","GB","TE",32,8,7,11.8667263227051,8.95,13.5001304166642,2.46886758319442,8,1.05652349737171,3,4.55013041666417,NA,7.5,1.1,7.68265751994044,NA,NA
2558865,"Chris Carson","SEA","RB",24,1,7,11.7675546345287,8.44985463452871,12.8311170169285,1.62339337777147,21,0.0614397541314133,13,4.38126238239977,NA,19.3,2.1,6.1480962103986,NA,NA
2555230,"Kenyan Drake","MIA","RB",NA,2,11,11.764668620289,9.61075609404688,13.6520654108171,1.835433226167,22,0.137275777843387,13,4.04130931677019,NA,23,1.5,6.1707491371116,NA,NA
1032,"Jordy Nelson","OAK","WR",33,10,7,11.7343865595081,8.99180548954929,13.1529513571722,1.5804966591719,31,0.202715672707376,10,4.16114586762292,NA,34.9,3.7,4.55428092503197,NA,NA
2555418,"Jordan Howard","CHI","RB",24,2,5,11.6475611405056,9.56,12.5872425179043,1.1952619947635,23,0.150111429551243,13,3.02724251790426,NA,16.7,2,5.49485891104974,NA,NA
2556885,"Jalen Richard","OAK","RB",25,2,7,11.6072245443857,9.791,12.7944091607143,1.31985438712403,24,0.219857973493475,13,3.00340916071429,NA,27.7,2,5.67147995481734,NA,NA
2649,"Danny Amendola","MIA","WR",33,10,11,11.57728537483,8.993,13.5503216152092,1.85158251806663,32,0.107926186038398,10,4.55732161520922,NA,43.4,4.8,5.18396836329563,NA,NA
2543457,"Sammy Watkins","KC","WR",25,4,12,11.4860563987715,8.84,13.9141726149097,2.47500080149538,33,0.063927015173828,10,5.07417261490973,NA,33.3,2.9,4.09632642447659,NA,NA
2558105,"Chris Godwin","TB","WR",22,1,5,11.4526619788117,9.55,13.0029649247616,1.98654443077074,34,0.128304922974291,10,3.45296492476159,NA,37.6,1.9,3.52388329878236,NA,NA
2532884,"Marvin Jones","DET","WR",28,6,6,11.3915967883837,9.46649473077058,12.3806730039534,1.10438333027177,35,0.180142402681128,10,2.91417827318278,NA,29.3,2.6,3.92459348676832,NA,NA
2495466,"Mark Ingram","NO","RB",29,7,6,11.387674877523,5.70045965118558,13.2420596511856,2.79331892100791,25,0.27299445422382,13,7.5416,NA,18.3,2.4,7.94553845257163,NA,NA
2540011,"Chris Thompson","WAS","RB",28,5,4,11.3870582642613,5.36078571428571,13.858384875,3.24527544881341,26,0.647588910188624,13,8.49759916071429,NA,28.9,3.8,9.23473787312967,NA,NA
100013,"Texans","HOU","DST",NA,NA,10,11.3301473340599,7.76092592592593,12.1509938425926,1.83490399691073,4,0.589309845973734,4,4.39006791666667,NA,NA,NA,6.76602154233838,NA,NA
1581,"DeSean Jackson","TB","WR",32,10,5,11.257117323291,9.4453155436958,12.7676744186047,1.1710567181249,36,0.184221599233883,10,3.32235887490885,NA,30.6,2.9,4.09632642447659,NA,NA
2550284,"Trey Burton","CHI","TE",27,4,5,11.1942657147188,9.85,12.1403180428135,0.911327395915871,9,0.932666056466065,4,2.29031804281346,NA,8,1,5.19790205287813,NA,NA
2560781,"Christian Kirk","ARI","WR",22,0,9,11.1657914481142,8.72707818930041,13.4935269941179,2.36837190591684,37,0.204888557724527,10,4.76644880481752,NA,40.7,2.8,4.03908211190716,NA,NA
2543463,"Khalil Mack","CHI","DL",27,4,5,11.1,11.1,11.1,2.5135855511512e-15,1,4.31043637332738,1,0,NA,19.8,7.9,4.34437219299688,NA,NA
2534797,"Greg Zuerlein","LAR","K",31,6,12,10.9847541034477,8.41,12.4495280353491,1.46898630558665,1,0.925992002832107,1,4.03952803534912,NA,1.4,0.7,5.45994543752192,NA,NA
2550489,"Anthony Johnson","IND","WR",25,4,9,10.98,10.98,10.98,NA,38,0.128627399815951,11,0,NA,NA,NA,NA,NA,NA
2506546,"Derek Anderson","BUF","QB",35,13,11,10.9751819282775,6.86923456790123,13.576747807208,2.33832567585017,28,9.27587154014001,16,6.70751323930676,NA,27.9,0.2,7.8412609431117,NA,NA
2539964,"Marquise Goodwin","SF","WR",28,5,11,10.9418057807794,9.13,12.5916337209302,1.49123064301392,39,0.283572654883383,12,3.46163372093023,NA,40.7,2.6,3.92459348676832,NA,NA
79607,"LeSean McCoy","BUF","RB",30,9,11,10.8423025823371,5.56837254901961,14.3448586411309,3.30860138400294,27,0.476434313671586,14,8.77648609211126,NA,43.4,17,15.4390305459245,NA,NA
2559153,"Keelan Cole","JAC","WR",25,1,9,10.7609394195887,8.94115958419773,11.7155,1.02546563437753,40,0.220049308346333,12,2.77434041580227,NA,45.4,3.2,4.26805936218486,NA,NA
100002,"Ravens","BAL","DST",NA,NA,10,10.7468118030412,7.2,11.5257198337332,1.73519369009617,5,1.4902024214506,4,4.32571983373324,NA,NA,NA,6.49898350467783,NA,NA
100025,"Eagles","PHI","DST",NA,NA,9,10.7348631731311,6.39,11.8787250574218,2.18959453061499,6,3.13212843987277,4,5.48872505742176,NA,NA,NA,7.71593200920026,NA,NA
2532899,"Doug Martin","OAK","RB",29,6,7,10.6366361258083,9.07707818930041,11.813203811843,1.28009950196085,28,0.716548696844994,14,2.73612562254259,NA,26.3,2.9,6.03202304539255,NA,NA
2532887,"Jermaine Kearse","NYJ","WR",28,6,11,10.5555268322034,9.49870543302645,11.3446605504587,0.761140573706057,41,0.0990406970224793,12,1.84595511743226,NA,53.6,4.5,5.01223542558736,NA,NA
2560878,"Tre'Quan Smith","NO","WR",NA,0,6,10.5262533902813,7.96,13.4372048235358,3.46083976509604,42,0.291290102261819,12,5.47720482353582,NA,41.8,3.5,4.43979229989313,NA,NA
2540160,"Jordan Reed","WAS","TE",28,5,4,10.4261399359479,8.75,11.4644002455125,1.46601832223196,10,0.349175887120209,5,2.71440024551251,NA,11.2,1.4,6.19653183026013,NA,NA
2550617,"Taylor Gabriel","CHI","WR",27,4,5,10.3867188800806,9.178,11.6879783825519,1.21194994432751,43,0.329587351819335,12,2.50997838255192,NA,35,2.7,3.98183779933774,NA,NA
2557856,"O.J. Howard","TB","TE",24,1,5,10.0970593805577,8.68837113703071,11.0658348623853,0.969738408000262,11,0.0998864181589276,5,2.37746372535461,NA,9.7,1.1,5.32112569269757,NA,NA
2552461,"Duke Johnson","CLE","RB",25,3,11,10.0951004115226,8.76015637860082,11.1811912623218,1.40532054978088,29,0.360950842641582,14,2.42103488372093,NA,35.5,2.5,6.02424670778585,NA,NA
2556460,"Geronimo Allison","GB","WR",24,2,7,10.0832076959583,8.4939986424604,11.4841,1.24916530803781,44,0.0994199302381382,13,2.9901013575396,NA,37.3,4.9,5.24121267586505,NA,NA
2506922,"Stephen Gostkowski","NE","K",34,12,11,10.0588208295453,8.66,11.0333225496448,0.859791422698973,2,0.342389851137298,2,2.37332254964482,NA,2.9,0.6,4.01102394954832,NA,NA
2558245,"Harrison Butker","KC","K",23,1,12,10.0587033716859,7.46444646219552,11.605698093649,1.45340280161651,3,0.691711120266596,2,4.14125163145349,NA,2,0.6,5.22514644171202,NA,NA
2495438,"Kyle Rudolph","MIN","TE",29,7,10,10.0568687170977,8.50079628882614,11.5019608695652,1.67501426614868,12,0.586747357370371,5,3.00116458073908,NA,13,1.4,6.52575667725177,NA,NA
2557895,"Dede Westbrook","JAC","WR",25,1,9,10.0310553605641,7.54661009307444,11.266037491626,1.44449656800393,45,0.233000560401129,13,3.71942739855156,NA,46.7,2.4,3.81010486162947,NA,NA
2540215,"Vance McDonald","PIT","TE",28,5,7,9.93747720769979,7.54373582388259,11.6846455573627,2.03167047622329,13,1.0321388419393,5,4.14090973348014,NA,12.6,1.3,7.0563755960276,NA,NA
2495448,"Randall Cobb","GB","WR",28,7,7,9.93652017087626,3.99493704330424,12.760012394958,3.12493609359293,46,0.308063776412686,13,8.76507535165375,NA,51.6,4.3,4.89774680044851,NA,NA
2555461,"Wendell Smallwood","PHI","RB",24,2,9,9.74507444640408,8.2018244170096,11.1953577218121,1.33860721215654,30,0.267959484616892,15,2.99353330480253,NA,31.6,2.1,5.74438592866699,NA,NA
2559150,"Corey Clement","PHI","RB",NA,1,9,9.72322469135803,8.64165637860082,11.3026884886926,1.15915692662306,31,0.791083333333335,15,2.66103211009174,NA,30.4,1.8,5.3510324155656,NA,NA
2506106,"Larry Fitzgerald","ARI","WR",35,14,9,9.65958942944978,6.98633798912056,11.654085106383,1.89633491443415,47,0.0857863525606604,13,4.66774711726242,NA,43.9,3,4.15357073704601,NA,NA
2552600,"Nelson Agholor","PHI","WR",25,3,9,9.59732335947736,8.02,11.0946055900621,1.41779898168077,48,0.0478187469527054,13,3.07460559006211,NA,46.8,3.7,4.55428092503197,NA,NA
2560789,"Darius Leonard","IND","LB",NA,0,9,9.57303545903782,8.41850378787879,10.7440428134557,1.35949203124242,1,0.472155270649438,1,2.32553902557687,NA,1.9,0.8,3.20283937930654,NA,NA
2543614,"Donte Moncrief","JAC","WR",25,4,9,9.55028279430088,8.13750793650794,10.5230930537353,1.06301727375161,49,0.250351777241464,14,2.38558511722732,NA,47.2,3.4,4.3825479873237,NA,NA
2556396,"Chester Rogers","IND","WR",24,2,9,9.54872643074843,7.498,11.7406583850932,1.77137461438708,50,0.706829086408268,14,4.24265838509317,NA,55,3.4,4.3825479873237,NA,NA
2556521,"Kaimi Fairbairn","HOU","K",24,2,10,9.37415858513017,8.64,9.83635605625233,0.710945215724842,4,0.160966543988966,3,1.19635605625233,NA,9.7,1.8,6.14169629359501,NA,NA
2536340,"Justin Tucker","BAL","K",29,6,10,9.35982591770835,8.4,10.2367732251098,0.765078611957038,5,0.365381061987257,3,1.83677322510976,NA,5.2,1.8,6.2524161623121,NA,NA
2553728,"Raheem Mostert","SF","RB",NA,NA,11,9.23100523221634,4.83,13.0819407463249,3.85434060398587,32,0.625634935332158,15,8.25194074632492,NA,26.2,3.5,9.9591766868773,NA,NA
2533056,"Luke Kuechly","CAR","LB",27,6,4,9.22710310696324,7.775,10.9304225799836,1.66575102838046,2,0.282525483143889,1,3.15542257998359,NA,1.3,0.5,3.12864207665579,NA,NA
2556601,"Wil Lutz","NO","K",24,2,6,9.06655816457405,6.53074843474231,10.0199885863204,1.19406132052026,6,0.160211093962236,4,3.48924015157806,NA,6.8,1.5,6.52104365480358,NA,NA
2543572,"Martavis Bryant","OAK","WR",27,4,7,9.05113560337041,7.07854177620992,10.4820790273556,1.56976414505825,51,0.615214472999597,15,3.40353725114571,NA,49.8,3.7,4.55428092503197,NA,NA
2557858,"Evan Engram","NYG","TE",24,1,9,9.00276551175478,6.06680789858606,10.42,1.93000846425813,14,0.331725625914631,6,4.35319210141395,NA,14.2,1.1,6.83380941477079,NA,NA
2555161,"Blake Martinez","GB","LB",24,2,7,8.97465726981352,7.38,10.2468166025551,1.57655150000437,3,0.180255618107219,2,2.86681660255505,NA,8.8,6.3,4.56312326123704,NA,NA
2550545,"Chris Boswell","PIT","K",29,4,7,8.92233154686814,7.05,10.6382757803479,1.44511284276658,7,0.0401695154260668,4,3.58827578034787,NA,NA,NA,8.8655148393554,NA,NA
2543711,"Telvin Smith","JAC","LB",27,4,9,8.91449797782519,8.1183091436865,10.0286653091918,1.19377739112324,4,0.315692652844325,2,1.91035616550526,NA,3.6,1,3.25230424774038,NA,NA
2506677,"Matt Prater","DET","K",34,12,6,8.8903625943555,6.50525116839936,9.80735391964268,1.19757721038524,8,0.0216325456379529,5,3.30210275124333,NA,7.3,1.4,6.32530894324678,NA,NA
2550380,"Cody Parkey","CHI","K",26,4,5,8.87396146852864,6.98,9.7730472269042,0.907928946197616,9,0.103182287349817,5,2.7930472269042,NA,11.1,1.5,5.93581270448921,NA,NA
2533444,"Randy Bullock","CIN","K",29,6,9,8.86349862890646,6.45,9.78609557972344,1.1617912719166,10,0.207905114130133,5,3.33609557972344,NA,7.1,1.9,7.2667444884895,NA,NA
2495700,"Greg Olsen","CAR","TE",33,11,4,8.80791121976621,5.9,10.4282493876983,1.78120974653927,15,0.303731983440883,6,4.52824938769834,NA,14.4,1.8,6.81788544894867,NA,NA
2539227,"Dustin Hopkins","WAS","K",28,5,4,8.67805973345118,7.85,9.24334461786636,0.644356247517088,11,0.0671218041016584,6,1.39334461786636,NA,16.6,1.9,6.20842666698428,NA,NA
2539935,"Kiko Alonso","MIA","LB",28,5,11,8.67430532558741,7.19921625544267,9.90647998945271,1.6000096760805,5,0.290728502564006,2,2.70726373401004,NA,5.8,3.1,3.77168536629566,NA,NA
2552631,"Javorius Allen","BAL","RB",27,3,10,8.63327748383304,6.54278571428571,10.0927950499349,1.43969106156359,33,0.147221958222866,16,3.55000933564915,NA,39.7,1.9,5.79503719664429,NA,NA
2503471,"Adam Vinatieri","IND","K",46,22,9,8.63312729610147,6.4,10.0139592371698,1.69654270402125,12,0.0484016806731997,6,3.61395923716982,NA,12.2,2.9,10.3897379775269,NA,NA
2550256,"Willie Snead","BAL","WR",26,4,10,8.63265908530991,5.0313920696031,11.0513313953488,2.4690958681087,52,0.40645963111117,15,6.01993932574574,NA,55.3,2.6,3.92459348676832,NA,NA
2507232,"Mason Crosby","GB","K",34,11,7,8.58874856259757,7.66,9.52769059625147,0.825307111435528,13,0.00845044820485086,6,1.86769059625147,NA,11.9,1.6,5.96975080908308,NA,NA
2506264,"Robbie Gould","SF","K",36,13,11,8.58070266825898,7.85,9.17844828779537,0.558997040454921,14,0.0477532108162215,6,1.32844828779537,NA,16.1,1.4,5.01921109051369,NA,NA
2495259,"Dan Bailey","MIN","K",30,7,10,8.57989356052646,7.56,9.76889387163707,0.93288578479485,15,0.115168254313719,6,2.20889387163707,NA,5.9,2,7.00148638682198,NA,NA
2558116,"Aaron Jones","GB","RB",24,1,7,8.57746310993533,6.389,10.4353488372093,1.66126929778094,34,0.257501372293023,16,4.0463488372093,NA,31,3.1,6.66501016469559,NA,NA
2558009,"Budda Baker","ARI","DB",22,1,9,8.56737853636144,7.705,8.95749952651515,0.523325922001098,1,1.05513754535991,1,1.25249952651515,NA,1.2,0.4,2.99133308958133,NA,NA
2540232,"Jack Doyle","IND","TE",28,5,9,8.53416855191409,5.94,10.6277391293727,1.8856970743984,16,0.340771441025167,7,4.68773912937268,NA,27.2,6.7,8.51179947202468,NA,NA
2560713,"Tremaine Edmunds","BUF","LB",20,0,11,8.52330532437432,7.3,10.1402999970702,1.76201575283388,6,0.302187853899611,2,2.8402999970702,NA,9.1,1.8,3.45016372147572,NA,NA
2504257,"Sebastian Janikowski","SEA","K",40,18,7,8.48600535435905,6.8,9.32381179869976,0.876087685556904,16,0.0749917438935448,7,2.52381179869976,NA,17.5,2.4,7.69701962092733,NA,NA
2552559,"C.J. Uzomah","CIN","TE",25,3,9,8.47418992073657,6.475,10.1138372093023,1.34215467777106,17,1.13930258994654,7,3.63883720930232,NA,14.2,2.2,6.25109789310934,NA,NA
2556771,"Aldrick Rosas","NYG","K",24,2,9,8.44344525806643,5.7,9.80933526478425,1.9269109591563,17,0.0791639365678574,7,4.10933526478424,NA,21.4,1.5,8.01995230319331,NA,NA
2543743,"Carlos Hyde","JAC","RB",27,4,9,8.39464794128501,5.51639496717724,11.1676565187133,2.53336965951675,35,0.196758337995135,16,5.65126155153608,NA,35.2,3.6,8.13290241346957,NA,NA
2558172,"Jake Elliott","PHI","K",23,1,9,8.37858196286458,6.64,9.10162683510364,0.941287134303824,18,0.136871561205105,8,2.46162683510364,NA,14.4,1.8,6.61281816586244,NA,NA
2541556,"Brandon McManus","DEN","K",27,4,10,8.34998068013258,7.16092283110127,9.15103319250876,0.800401598787698,19,0.226020415182907,8,1.99011036140749,NA,17.7,1.6,5.91881118063502,NA,NA
2556466,"Peyton Barber","TB","RB",24,2,5,8.24527553399961,6.08,10.0194764582429,1.50732020688034,36,0.215372815875321,16,3.93947645824287,NA,37.6,4.2,6.95631686523775,NA,NA
2532828,"Lavonte David","TB","LB",28,6,5,8.24384832167248,7.19526124818578,9.07966592933318,0.88228527174672,7,0.140153634873428,3,1.8844046811474,NA,4.9,1,3.25230424774038,NA,NA
2543491,"Paul Richardson","WAS","WR",26,4,4,8.23918317543172,6.20665172735761,9.65570348837209,1.47939967710592,53,0.0274568575932452,16,3.44905176101448,NA,66.8,5.8,5.75641148898986,NA,NA
2530515,"Chris Hogan","NE","WR",30,7,11,8.21321573296575,6.469,9.70909422492401,1.62122930834068,54,0.00635816440510517,16,3.24009422492401,NA,49.2,3.9,4.66876955017082,NA,NA
2543471,"Kelvin Benjamin","BUF","WR",27,4,11,8.2102369027112,7.55,9.04649862781992,0.690844072756215,55,0.0659797395417119,16,1.49649862781992,NA,55,3,4.15357073704601,NA,NA
2552409,"DeVante Parker","MIA","WR",25,3,11,8.2034782344101,6.49918276115907,10.3086973342529,1.84628401238915,56,0.322000972626018,16,3.80951457309378,NA,61,3.6,4.49703661246255,NA,NA
2533008,"Demario Davis","NO","LB",29,6,6,8.19838661927695,7.33,9.32398784232072,1.56889517639606,8,0.196380514687885,3,1.99398784232072,NA,25.1,7,4.73625030075546,NA,NA
2555223,"Devontae Booker","DEN","RB",26,2,10,8.15050367258014,6.08177404295051,11.2292182919679,2.63096715860892,37,0.280661903032819,16,5.14744424901744,NA,52.4,6.1,9.42930922700161,NA,NA
71309,"Graham Gano","CAR","K",31,9,4,8.13344012318636,6.6,8.78818971787064,0.907502243093465,20,0.0918258973330079,9,2.18818971787064,NA,19.1,1.5,5.93493996206104,NA,NA
2550325,"Chandler Catanzaro","TB","K",27,4,5,8.11448040671298,7.56,8.56732393750968,0.482821745323099,21,0.168358218848662,9,1.00732393750968,NA,16.7,1.5,5.06633440186017,NA,NA
2556190,"Jakeem Grant","MIA","WR",26,2,11,8.08503609192887,5.48,9.361555,1.51982370973304,57,0.463706823026081,16,3.881555,NA,53.1,4.7,5.1267240507262,NA,NA
2557855,"Jarrad Davis","DET","LB",NA,1,6,8.00900275432115,6.82,9.01459694381705,1.20547969400498,9,0.0858381889907847,3,2.19459694381705,NA,12.1,3,3.74695293207874,NA,NA
2556593,"Cory Littleton","LAR","LB",25,2,12,7.99500945485698,6.53396226415094,9.52508727879995,1.83048286478663,10,0.157144321758943,3,2.99112501464901,NA,12.5,2.9,3.72222049786182,NA,NA
2553112,"Jason Myers","NYJ","K",NA,NA,11,7.96874804499373,6.61806462767609,8.87498866901333,0.765178205322341,22,0.0508598793476951,10,2.25692404133725,NA,23.8,2.6,7.87602638396377,NA,NA
2553833,"Josh Lambo","JAC","K",28,3,9,7.92349633073491,6.5,9.00028930904043,1.02772470772832,23,0.521515793501629,10,2.50028930904043,NA,23.5,1.1,5.36912955894322,NA,NA
2506122,"Benjamin Watson","NO","TE",38,14,6,7.91260430104127,5.0009290036305,8.72133944954128,1.30500136836835,18,1.26590555053951,7,3.72041044591079,NA,17,0.8,5.75562332899099,NA,NA
2560993,"Daniel Carlson","OAK","K",23,0,7,7.91228000055715,7.31,8.5121597979358,0.593262179992774,24,1.06537876391013,10,1.2021597979358,NA,23.1,1.9,6.103923184065,NA,NA
2506404,"Frank Gore","MIA","RB",35,13,11,7.90930176366843,5.8,9.39777064220183,1.80172549389901,38,0.169199647266315,17,3.59777064220183,NA,37.8,2.6,6.63250889552808,NA,NA
2543592,"Anthony Hitchens","KC","LB",26,4,12,7.85131967580376,6.565,9.49017907432242,2.20112881187609,11,0.0278366071821257,3,2.92517907432242,NA,20.7,6.1,4.5136583928032,NA,NA
2507999,"Chris Ivory","BUF","RB",30,8,11,7.83038177542622,5.32,9.9673023447677,2.98315815075505,39,0.326108009994122,17,4.6473023447677,NA,32.6,5.8,9.78960556036924,NA,NA
2539978,"Jon Bostic","PIT","LB",27,5,7,7.82441059039231,5.075,9.89962426771598,2.51557718084551,12,0.011774698866386,3,4.82462426771598,NA,58,5.5,4.36526378750169,NA,NA
2543720,"Chris Kirksey","CLE","LB",26,4,11,7.82255554685095,7.535,8.0622,0.298486961717581,13,0.0221916953918724,4,0.527200000000001,NA,13.4,5.4,4.34053135328477,NA,NA
2543464,"C.J. Mosley","BAL","LB",26,4,10,7.80271623620091,6.65,8.41101452216262,0.838587917149843,14,0.00926849683335451,4,1.76101452216262,NA,6.2,0.9,3.22757181352346,NA,NA
2495281,"Mason Foster","WAS","LB",29,7,4,7.79801146671724,7.24,8.46402428889046,0.76134763320748,15,0.0180038418712511,4,1.22402428889046,NA,23.5,6,4.48892595858628,NA,NA
2532966,"Bobby Wagner","SEA","LB",28,6,7,7.78888401201786,7.315,7.97900606119424,0.312083837098677,16,0.0302088690571169,4,0.664006061194241,NA,13.9,5.1,4.26633405063402,NA,NA
100026,"Cardinals","ARI","DST",NA,NA,9,7.77835559005009,5.9,11.4957682805942,2.74903789104206,11,0.352525563027422,6,5.59576828059418,NA,NA,NA,9.21419895795721,NA,NA
2552315,"Jordan Hicks","PHI","LB",26,3,9,7.77113123767413,6.70363570391872,8.93385478436658,1.36497828877644,17,0.032938650976237,4,2.23021908044785,NA,13.6,3.7,3.92007997159717,NA,NA
2540221,"Vince Williams","PIT","LB",29,5,7,7.74621904824735,6.98,8.40130275229358,0.761244562497429,18,0.0185196314102551,4,1.42130275229358,NA,22,6.8,4.68678543232163,NA,NA
2532986,"Tahir Whitehead","OAK","LB",28,6,7,7.73016612514844,6.61,8.52396282114625,1.0182496370209,19,0.0810465209542723,4,1.91396282114624,NA,29,8.1,5.00830707714156,NA,NA
2532961,"Danny Trevathan","CHI","LB",28,6,5,7.72523270852575,6.7,8.97235902209204,1.54764340382859,20,0.20466296027523,4,2.27235902209204,NA,21.8,1.6,3.40069885304189,NA,NA
2560810,"Anthony Miller","CHI","WR",24,0,5,7.67791843163929,5.525,8.88382759540531,1.4393918176257,58,0.130719063236705,17,3.35882759540531,NA,60.8,4.2,4.84050248787909,NA,NA
2560742,"Nyheim Hines","IND","RB",22,0,9,7.64982245737801,4.19,9.9553292358804,2.43557093058524,40,0.384867625975121,17,5.7653292358804,NA,40.9,2.4,7.43839815068725,NA,NA
2558094,"Zach Cunningham","HOU","LB",24,1,10,7.57300649986258,5.92,9.20643032930974,1.87271896073632,21,0.118940001543343,4,3.28643032930974,NA,13.8,2.8,3.6974880636449,NA,NA
2557979,"Jamal Adams","NYJ","DB",23,1,11,7.56927744204615,6.395,8.67660056515685,1.44608344551306,2,0.115548875997423,2,2.28160056515685,NA,5.1,0.9,3.05976705798011,NA,NA
2543509,"Allen Robinson","CHI","WR",25,4,5,7.56474010616629,0.146236559139785,11.40518425,4.53762132761356,59,0.238387673748504,17,11.2589476908602,NA,32.3,3.1,4.21081504961543,NA,NA
2560888,"Courtland Sutton","DEN","WR",23,0,10,7.52965863063887,5.35,9.33395348837209,1.43214561716994,60,0.480475772049012,17,3.98395348837209,NA,50.7,3.2,4.26805936218486,NA,NA
2543463,"Khalil Mack","CHI","LB",27,4,5,7.46813299663847,5.26485507246377,10.077769293991,2.54625069382214,22,0.0423605673710838,4,4.81291422152721,NA,19.8,7.9,4.95884220870772,NA,NA
2552454,"Landon Collins","NYG","DB",24,3,9,7.4552045399569,6.82,7.99219286582299,0.677611298218469,3,0.0837860046713281,2,1.17219286582299,NA,2.6,2,3.21032178845741,NA,NA
2495807,"Antoine Bethea","ARI","DB",34,12,9,7.45225259214056,6.6,8.26695005764163,1.01759830281803,4,0.166558821968025,2,1.66695005764163,NA,6.8,1.3,3.11451423269913,NA,NA
2555278,"Emmanuel Ogbah","CLE","LB",25,2,11,7.44,7.44,7.44,NA,23,0.0440181447419405,5,0,NA,28.3,6.7,4.66205299810471,NA,NA
100016,"Chiefs","KC","DST",NA,NA,12,7.42711387646662,6.62410056464733,8.98635527737126,1.18883729011784,12,0.0698134377414723,7,2.36225471272393,NA,NA,NA,5.03576525197664,NA,NA
100006,"Bengals","CIN","DST",NA,NA,9,7.42454617757871,6.415,8.03871888096047,0.555270460978987,13,0.157976784722609,8,1.62371888096047,NA,NA,NA,3.33898536848167,NA,NA
2543597,"Avery Williamson","NYJ","LB",26,4,11,7.41154485853477,6.36,8.63926497128794,1.58909852341662,24,0.0395050562576404,6,2.27926497128794,NA,21.5,5,4.2416016164171,NA,NA
2552312,"Eric Kendricks","MIN","LB",26,3,10,7.38041885198135,6.25,8.64282751623377,1.55787201015922,25,0.0296695295663465,6,2.39282751623377,NA,22.5,6,4.48892595858628,NA,NA
2557887,"Haason Reddick","ARI","LB",24,1,9,7.3636607525729,6.05,8.22287597931959,1.06902340199583,26,0.0394150881547697,6,2.17287597931959,NA,42.4,5.4,4.34053135328477,NA,NA
2539289,"Kenjon Barner","NE","RB",29,5,11,7.35872507348618,5.01897857142857,10.4014294821429,2.30133904943496,41,0.18894277294749,17,5.38245091071429,NA,36.3,4.8,8.35984360102704,NA,NA
2558064,"T.J. Watt","PIT","LB",24,1,7,7.33783789225711,5.135,8.63932265388257,1.68229464852157,27,0.0297743078462416,6,3.50432265388257,NA,30.5,5.4,4.34053135328477,NA,NA
2557969,"Matt Milano","BUF","LB",NA,1,11,7.31065343657914,6.09,8.26769065852626,1.21847737548614,28,0.00791657045784433,6,2.17769065852626,NA,28.9,4.6,4.14267187954943,NA,NA
2543814,"Preston Brown","CIN","LB",26,4,9,7.3054737322426,6.21,7.98330597120271,0.848610546978151,29,0.0332540916237845,6,1.77330597120271,NA,39.6,4.7,4.16740431376635,NA,NA
2495493,"Justin Houston","KC","LB",29,7,12,7.3,7.3,7.3,NA,30,0.0801542089985485,6,0,NA,64.3,5.4,4.34053135328477,NA,NA
496739,"Reshad Jones","MIA","DB",30,8,11,7.29058447843058,6.61991950757576,7.79966360856269,0.657689442182217,5,0.0708453452170907,3,1.17974410098693,NA,3.2,0.9,3.05976705798011,NA,NA
100017,"Rams","LAR","DST",NA,NA,12,7.29005469987158,6.1,9.01920583636659,1.27727968687826,14,0.159573310506587,9,2.91920583636659,NA,NA,NA,5.2726262629534,NA,NA
2558183,"John Johnson","LAR","DB",24,1,12,7.2808030619145,6.615,7.55685737926136,0.37632278092165,6,0.206671594901691,3,0.941857379261364,NA,8.5,1.5,3.14188782005863,NA,NA
2539311,"Jamie Collins","CLE","LB",28,5,11,7.24443928123763,6.3,8.11855775338792,1.1517920890267,31,0.0621095983419107,6,1.81855775338792,NA,28.1,5.8,4.43946109015245,NA,NA
100019,"Dolphins","MIA","DST",NA,NA,11,7.24308408584063,5.8,8.4724225496459,1.56761807950478,15,0.255291846055352,10,2.6724225496459,NA,NA,NA,6.05019276637113,NA,NA
2532789,"Mark Barron","LAR","LB",29,6,12,7.19525230076527,6.06,8.08856,1.20091560992642,32,0.0652955567996631,6,2.02856,NA,36.5,6,4.48892595858628,NA,NA
2561137,"Trenton Cannon","NYJ","RB",NA,0,11,7.1711845893196,4.685,8.48760699088146,1.64326740064509,42,0.257520832705842,18,3.80260699088146,NA,46.8,4.4,7.24167865116494,NA,NA
2532804,"Zach Brown","WAS","LB",29,6,4,7.16940706502617,5.92,8.16912932312253,1.15948337297,33,0.103551184328581,6,2.24912932312253,NA,36.7,5.5,4.36526378750169,NA,NA
2552429,"Ty Montgomery","GB","RB",25,3,7,7.16838001175779,2.85088495002939,8.63228731713903,2.02577435251954,43,0.735077042654944,18,5.78140236710964,NA,46.4,2.3,6.81115210429393,NA,NA
2532948,"Harrison Smith","MIN","DB",29,6,10,7.15867520451247,5.68,7.81354817193676,0.845876015571755,7,0.249422548743447,4,2.13354817193676,NA,4.7,0.8,3.04608026430035,NA,NA
2560988,"Antonio Callaway","CLE","WR",21,0,11,7.12304623419671,6.24,7.72595744680851,0.789133179618,61,0.157785814448238,18,1.48595744680851,NA,59.8,2.5,3.86734917419889,NA,NA
2555329,"Myles Jack","JAC","LB",23,2,9,7.09050642290505,5.44795355587808,8.17882143642669,1.19111972063298,34,0.0660184111795914,6,2.73086788054861,NA,22.6,5.7,4.41472865593553,NA,NA
2532800,"Nigel Bradham","PHI","LB",29,6,9,7.04120533849013,6.275,7.6305772074393,0.704524328539579,35,0.0642840235309512,7,1.3555772074393,NA,37.3,5.7,4.41472865593553,NA,NA
100032,"Redskins","WAS","DST",NA,NA,4,7.01787869288935,6.005,11.434129414298,2.34208926209964,16,0.188357423206416,11,5.42912941429802,NA,NA,NA,8.1243340606047,NA,NA
2552490,"Benardrick McKinney","HOU","LB",26,3,10,7.00777068496079,5.13,8.84400396988164,2.06906011295969,36,0.0707431252563424,7,3.71400396988164,NA,31.2,3.7,3.92007997159717,NA,NA
2560970,"Jessie Bates","CIN","DB",21,0,9,6.98958772951315,6.695,7.30659577694114,0.38202137806241,8,0.187029461326936,5,0.611595776941136,NA,NA,NA,NA,NA,NA
2550597,"Seth Roberts","OAK","WR",NA,NA,7,6.97531948298301,4.71,7.70436882365999,1.10912082532276,62,0.0865241135356243,18,2.99436882365999,NA,68.4,4.4,4.95499111301794,NA,NA
100010,"Lions","DET","DST",NA,NA,6,6.95770578668121,5.85,7.82064720496894,0.909281556558398,17,0.332342004147472,12,1.97064720496894,NA,NA,NA,4.28707620576495,NA,NA
2560813,"D.J. Moore","CAR","WR",21,0,4,6.95520135651392,4.07707818930041,8.6194254552885,1.80971505128882,63,0.136295228182172,18,4.54234726598809,NA,63.9,3,4.15357073704601,NA,NA
2555322,"Darron Lee","NYJ","LB",24,2,11,6.94607194495756,4.36,8.62810380787691,2.14928369306559,37,0.0200547811985805,7,4.26810380787691,NA,33.7,4.4,4.09320701111559,NA,NA
2543699,"Kyle Van Noy","NE","LB",27,4,11,6.92798317445134,5.93,7.64144270359848,0.894768596185148,38,0.0720253062513585,7,1.71144270359849,NA,47.5,5.9,4.46419352436936,NA,NA
2550930,"Todd Davis","DEN","LB",26,4,10,6.92405115306662,5.76630624092888,8.32353596331888,1.65866699063621,39,0.182064736377963,7,2.55722972239,NA,38.9,4.8,4.19213674798326,NA,NA
2500351,"Phil Dawson","ARI","K",43,20,9,6.89168107390942,4.91,8.28753799392097,1.50089158547233,25,0.372076166900027,11,3.37753799392097,NA,22.1,1.6,7.35153413469991,NA,NA
2533538,"Chandler Jones","ARI","DL",28,6,9,6.85975825471698,5.85,7.88605298913044,1.13346713699976,2,0.49896168793023,2,2.03605298913044,NA,2.5,1.2,3.17145810257841,NA,NA
2539243,"Bradley McDougald","SEA","DB",28,5,7,6.82891758202489,5.8,7.44170755105402,0.810593311783194,9,0.093579098770725,6,1.64170755105402,NA,9.4,4.4,3.53880483677152,NA,NA
2557863,"Zay Jones","BUF","WR",23,1,11,6.82238938238085,5.53,8.24831625699925,1.06336668690106,64,0.0696399502412506,18,2.71831625699925,NA,66.6,3.8,4.6115252376014,NA,NA
2555343,"Josh Doctson","WAS","WR",NA,2,4,6.81542287428265,4.99987266852133,7.914101589572,1.36925063670864,65,0.370243713979082,18,2.91422892105067,NA,61.1,2.7,3.98183779933774,NA,NA
2507374,"Steven Hauschka","BUF","K",NA,NA,11,6.80212139938463,4.59322917143463,7.74489624953336,1.23630457221436,26,0.605574367703872,11,3.15166707809874,NA,27.7,0.7,4.98403790603542,NA,NA
2557837,"Reuben Foster","SF","LB",24,1,11,6.78786458333333,5.29,7.89148,1.69864080780471,40,0.109810458311343,8,2.60148,NA,19.9,6.3,4.56312326123704,NA,NA
2552488,"Marcus Peters","LAR","DB",25,3,12,6.77619895434754,4.99,8.05003053977273,1.53173588913703,10,0.176074058115627,7,3.06003053977273,NA,43.6,11.2,4.46950680699483,NA,NA
2559248,"Ricky Seals-Jones","ARI","TE",23,1,9,6.75717036053877,4.63,7.96937386018237,1.38681845740728,19,0.565382022312481,8,3.33937386018237,NA,18,1.1,5.97813899580745,NA,NA
2543456,"Jadeveon Clowney","HOU","DL",25,4,10,6.71936899862826,4.98,7.73618998285322,1.53806072191526,3,0.981629095056987,3,2.75618998285322,NA,15.2,8.6,4.46691545617493,NA,NA
100014,"Colts","IND","DST",NA,NA,9,6.70133675268465,5.655,7.27993054801895,0.595042950991596,18,0.170214516434602,13,1.62493054801895,NA,NA,NA,3.44550161564951,NA,NA
2558851,"Anthony Walker","IND","LB",23,1,9,6.69610825004398,5.65,7.92200140280915,1.52351114571057,41,0.0377382585465211,8,2.27200140280915,NA,37.8,6.1,4.5136583928032,NA,NA
2555550,"Justin Simmons","DEN","DB",25,2,10,6.6944780121608,5.87,7.40911340056239,0.899203887238201,11,0.21501948572261,7,1.53911340056239,NA,17.9,4.4,3.53880483677152,NA,NA
2553895,"Adam Humphries","TB","WR",NA,NA,5,6.69007598999656,4.53594677871148,8.51264458123675,1.56754861809571,66,0.587138528973298,18,3.97669780252526,NA,72.8,4.2,4.84050248787909,NA,NA
496796,"Jerry Hughes","BUF","LB",30,8,11,6.66,6.66,6.66,NA,42,0.0939969795087165,9,0,NA,22.6,7,4.73625030075546,NA,NA
2553439,"Mike Davis","SEA","RB",25,3,7,6.65894750146972,4.55602857142857,7.5424495412844,1.13196208414216,44,0.609848089098213,19,2.98642096985583,NA,44.1,2.9,5.82202478738923,NA,NA
2495202,"Von Miller","DEN","LB",29,7,10,6.65673998299492,4.85,8.87242617924528,2.08927574926439,43,0.27093697294049,10,4.02242617924528,NA,40.8,4.6,4.14267187954943,NA,NA
100004,"Panthers","CAR","DST",NA,NA,4,6.54939081238282,5.73646090534979,7.0686509925591,0.626988150956397,19,0.0413327864630038,14,1.3321900872093,NA,NA,NA,3.53105529393815,NA,NA
2495139,"Charles Clay","BUF","TE",29,7,11,6.53622714046475,5.27,7.3254901506702,0.816668862784735,20,0.908644411938623,8,2.0554901506702,NA,20.6,1.4,5.17363170873526,NA,NA
100029,"49ers","SF","DST",NA,NA,11,6.51285366011728,4.24156648313044,9.73314485686169,2.37829747924889,20,0.0379604640601086,15,5.49157837373125,NA,NA,NA,8.2213046904585,NA,NA
2560916,"Denzel Ward","CLE","DB",21,0,11,6.50577178030303,5.005,7.21385321100917,0.993113222002688,12,0.0653955934984829,8,2.20885321100917,NA,26.9,7.3,3.9357218534844,NA,NA
100030,"Seahawks","SEA","DST",NA,NA,7,6.50326239172237,5.79,7.00824678198871,0.555925922259038,21,0.198499381995506,16,1.21824678198871,NA,NA,NA,3.34074078474283,NA,NA
2530491,"Josh Bynes","ARI","LB",29,7,9,6.47526605798765,0.1,8.81823974569319,3.68436364962794,44,0.247725382271853,10,8.71823974569319,NA,13.1,3.2,3.79641780051258,NA,NA
2539943,"D.J. Swearinger","WAS","DB",27,5,4,6.45314527257334,6.13,6.84540494972662,0.441857080879072,13,0.028315986491517,8,0.715404949726623,NA,38.5,7.2,3.92203505980465,NA,NA
100007,"Browns","CLE","DST",NA,NA,11,6.44652400039197,5.3,7.53476471476573,0.952226238446886,22,0.285845367190809,16,2.23476471476573,NA,NA,NA,4.40208802295639,NA,NA
2540164,"Tony Jefferson","BAL","DB",26,5,10,6.42760710103576,5.75,7.16387077870345,0.915048677785115,14,0.00661612778104459,8,1.41387077870345,NA,13.1,3.8,3.45668407469299,NA,NA
2552389,"Damarious Randall","CLE","DB",26,3,11,6.42205147112789,5.26,11.0087163199989,3.28432780127254,15,0.0155205997783261,9,5.74871631999891,NA,15.8,3.6,3.42931048733348,NA,NA
2539233,"Shawn Williams","CIN","DB",27,5,9,6.41993047538154,5.45,7.24876327816206,0.920241787116364,16,0.0432238580012756,10,1.79876327816206,NA,25.9,5.7,3.71673315460833,NA,NA
2539290,"Jordan Poyer","BUF","DB",27,5,11,6.39313126731759,6.07,6.73040185629588,0.391835851067102,17,0.0484629094372604,10,0.660401856295878,NA,13.9,9,4.16839734604023,NA,NA
2540180,"Tyrann Mathieu","HOU","DB",26,5,10,6.36028196744294,5.9,6.72184294713439,0.435879752212276,18,0.0652337599507415,11,0.821842947134387,NA,16.9,2.9,3.3335029315752,NA,NA
2543470,"Ha Ha Clinton-Dix","GB","DB",26,4,7,6.32905474831772,5.17,6.784545,0.762641815569546,19,0.0780860800952201,11,1.614545,NA,18.3,5.5,3.68935956724882,NA,NA
2495252,"K.J. Wright","SEA","LB",29,7,7,6.29633996212121,5.55,6.72196,0.66116378848606,45,0.159284608375115,10,1.17196,NA,46.8,16.5,7.08583155136268,NA,NA
2552386,"Clayton Geathers","IND","DB",NA,NA,9,6.26104166666667,5.92,6.54946788990826,0.410730504438733,20,0.027075402977526,12,0.629467889908256,NA,57.5,45.5,9.16407703915065,NA,NA
2555175,"James Bradberry","CAR","DB",25,2,4,6.24089566977833,5.85,6.70737207968662,0.591412144555888,21,0.0466407864933807,12,0.857372079686617,NA,35.9,4.8,3.59355201149054,NA,NA
2561534,"Greg Joseph","CLE","K",48,0,11,6.23708841463415,5.55,6.64683282674772,0.96873629022557,27,2.10908559027046,12,1.09683282674772,NA,NA,NA,6.91683424554965,NA,NA
2557945,"Justin Evans","TB","DB",23,1,5,6.22703685759995,5.85,6.6092803236166,0.432143460094438,22,0.0773035965606725,12,0.759280323616601,NA,13.1,2.7,3.30612934421569,NA,NA
2558918,"Matt Breida","SF","RB",23,1,11,6.20765843673597,0.00442540664499491,11.496419122085,4.61110795020109,45,0.326956161834238,19,11.4919937154401,NA,46.5,11.9,14.9230229138557,NA,NA
2558194,"Josh Reynolds","LAR","WR",23,1,12,6.20028233061058,4.547,7.64441860465116,1.38693271071805,67,0.278760760167341,19,3.09741860465116,NA,68.1,6.1,5.92814442669813,NA,NA
100024,"Jets","NYJ","DST",NA,NA,11,6.16300201906176,5.4,7.054791369351,0.700126372468115,23,0.0454372961006957,17,1.654791369351,NA,NA,NA,3.72692959995944,NA,NA
71251,"Patrick Chung","NE","DB",31,9,11,6.16147290896996,5.31,7.02998975684642,1.04940134088785,23,0.0286215028092975,12,1.71998975684641,NA,36,8.3,4.07258979028195,NA,NA
2506352,"Thomas Davis","CAR","LB",35,13,4,6.15874138931038,4.22,7.43856854354884,1.55737585563994,46,0.0720263531672725,10,3.21856854354884,NA,44.5,3.7,3.92007997159717,NA,NA
100031,"Buccaneers","TB","DST",NA,NA,5,6.15835524734056,5.36404027903242,6.96169280819467,0.729858727307331,24,0.0916136045371774,17,1.59765252916225,NA,NA,NA,3.80655697194274,NA,NA
2561153,"Jason Sanders","MIA","K",NA,0,11,6.15600564872737,5.4817107186695,7.21688145896657,0.865049439022639,28,4.05600564872737,12,1.73517074029706,NA,26.6,0.8,4.42762988173628,NA,NA
71441,"Glover Quin","DET","DB",32,9,6,6.13799361310859,5.12,6.97207043160644,1.10459758412285,24,0.018354289676517,12,1.85207043160644,NA,38.8,4.4,3.53880483677152,NA,NA
2552391,"Jaquiski Tartt","SF","DB",26,3,11,6.12770919921274,5.6,6.58579176665726,0.513465366639273,25,0.0189402323305634,13,0.985791766657256,NA,15.9,6.2,3.7851671230071,NA,NA
2560877,"Roquan Smith","CHI","LB",21,0,5,6.11536931818182,5.51,6.68288,0.943876515771041,47,0.0713389411296248,11,1.17288,NA,29.9,6.6,4.63732056388779,NA,NA
2552689,"Ronald Darby","PHI","DB",24,3,9,6.11156944765141,4.82,6.7241489006917,0.767699702788628,26,0.00700963627135032,13,1.9041489006917,NA,22.6,3.4,3.40193689997397,NA,NA
2530794,"Ron Parker","KC","DB",31,7,12,6.10596848611294,4.9,7.06977797677866,1.07547612979347,27,0.00991730397707169,13,2.16977797677866,NA,31.5,5.2,3.64829918620955,NA,NA
2555383,"Jalen Mills","PHI","DB",24,2,9,6.10315113664717,5.25,6.91756859535006,1.03138609960031,28,0.052124774055355,13,1.66756859535006,NA,29.5,4.5,3.55249163045127,NA,NA
2505708,"Mike Adams","CAR","DB",37,14,4,6.08895122762458,5.7,6.45815902140673,0.462470490604797,29,0.0830585746800381,13,0.758159021406727,NA,28.4,5.1,3.6346123925298,NA,NA
100018,"Raiders","OAK","DST",NA,NA,7,6.07677419858156,4.55415637860082,7.60283983790315,1.24213265931714,25,0.029435871601458,18,3.04868345930233,NA,NA,NA,5.17849764606952,NA,NA
2560917,"Fred Warner","SF","LB",22,0,11,6.05806075410439,4.83377840909091,7.25597872340426,1.33189644343785,48,0.0330607541043868,11,2.42220031431335,NA,26,4,3.99427727424792,NA,NA
100015,"Jaguars","JAC","DST",NA,NA,9,6.05670908702521,3.90092592592593,8.55147754083276,2.00175848087048,26,0.10133222560927,19,4.65055161490683,NA,NA,NA,7.21288100346051,NA,NA
100011,"Packers","GB","DST",NA,NA,7,6.03796756693499,3.37739923574368,6.77852237943139,1.26183795762357,27,0.187454671593443,20,3.40112314368771,NA,NA,NA,5.23127116928262,NA,NA
2530474,"Mario Addison","CAR","LB",31,7,4,6.03,6.03,6.03,NA,49,0.0337171184189291,12,0,NA,24.5,3.2,3.79641780051258,NA,NA
496788,"Brandon Graham","PHI","LB",30,8,9,6.02,6.02,6.02,NA,50,0.0799667885601085,12,0,NA,17.1,2.7,3.67275562942799,NA,NA
2543492,"Lamarcus Joyner","LAR","DB",28,4,12,6.01310149755904,5.03,6.82393596590909,0.96525879985676,30,0.0218235110997496,14,1.79393596590909,NA,43.2,7,3.89466147244514,NA,NA
2532903,"Rishard Matthews","NYJ","WR",29,6,11,6.00559259143593,2.46427736509849,7.4597,1.94692419058462,68,0.236558874530433,19,4.99542263490151,NA,93.6,13,9.87800199398832,NA,NA
2543485,"Aaron Donald","LAR","DL",27,4,12,6.00222413494524,5.585,6.3584549777668,0.389792357890186,4,0.547432427046224,3,0.773454977766798,NA,5.5,2.8,3.45155698984252,NA,NA
494287,"Devin McCourty","NE","DB",31,8,11,5.99868380833003,5.48,6.32511384810841,0.411359289441232,31,0.052796780165588,14,0.845113848108412,NA,35.2,5.5,3.68935956724882,NA,NA
2495775,"Eric Weddle","BAL","DB",33,11,10,5.98387216458856,5.165,6.82868403267928,1.01940394928529,32,0.0932333173901565,14,1.66368403267928,NA,26.6,4.5,3.55249163045127,NA,NA
2556642,"Patrick Onwuasor","BAL","LB",26,2,10,5.97256576316214,3.22,7.29370037138927,2.28392080042504,51,0.0787877663947567,13,4.07370037138927,NA,83.8,6.9,4.71151786653854,NA,NA
2555386,"Sean Davis","PIT","DB",NA,2,7,5.90790189174033,5.61303977272727,6.03762139917695,0.243529924344365,33,0.0772305533203781,14,0.424581626449684,NA,38.3,10.5,4.37369925123655,NA,NA
2539982,"A.J. Klein","NO","LB",27,5,6,5.90750065971764,4.69,6.90333018068888,1.2708582331418,52,0.0284933526575628,13,2.21333018068888,NA,52.5,5.1,4.26633405063402,NA,NA
2543600,"Alfred Blue","HOU","RB",27,4,10,5.89054038800705,4.1343556143445,7.00344731377657,1.0590494946906,46,0.219416550528442,20,2.86909169943207,NA,47.1,3,5.76498670224113,NA,NA
2506268,"Lorenzo Alexander","BUF","LB",35,12,11,5.88005533381713,4.66,6.8199274068323,1.16379030740278,53,0.0104552601486558,13,2.1599274068323,NA,87,3.6,3.89534753738025,NA,NA
2507843,"Vincent Rey","CIN","LB",NA,NA,9,5.87795928030303,4.665,6.76688,1.36500929612114,54,0.0223158472174827,13,2.10188,NA,69,25,9.18808845980071,NA,NA
2552385,"Adrian Amos","CHI","DB",25,3,5,5.87337580265646,4.69,6.49101576172055,0.825147414666616,34,0.0990634150192395,14,1.80101576172055,NA,28.1,5.9,3.74410674196784,NA,NA
100020,"Vikings","MIN","DST",NA,NA,10,5.87278615589689,5.03087409458185,6.31776354393287,0.702776050418933,28,0.14925655710953,21,1.28688944935103,NA,NA,NA,3.7340258051866,NA,NA
2558204,"Jamaal Williams","GB","RB",NA,1,7,5.87086416179641,3.56690654862768,7.86518629579491,1.93241195343056,47,0.445649404040218,20,4.29827974716723,NA,46,2.9,6.95673525179921,NA,NA
2555522,"B.J. Goodson","NYG","LB",25,2,9,5.86124086703391,3.905,6.73843764998588,1.31805915241728,55,0.0112178674653149,13,2.83343764998588,NA,68.5,13.6,6.36859095907205,NA,NA
2533049,"Whitney Mercilus","HOU","LB",28,6,10,5.85004599913719,2.73,7.42251706327373,2.61550692314451,56,0.0130056470953628,13,4.69251706327373,NA,63.8,5.9,4.46419352436936,NA,NA
2533538,"Chandler Jones","ARI","LB",28,6,9,5.85,5.85,5.85,NA,57,0.0371231294256056,14,0,NA,2.5,1.2,3.30176911617422,NA,NA
2560738,"Chris Herndon","NYJ","TE",NA,0,11,5.84734953598783,3.75,7.09346177370031,1.44450948290097,21,0.522087713041824,9,3.34346177370031,NA,21.5,2,6.34991309434775,NA,NA
2558856,"David Moore","SEA","WR",23,1,7,5.83745054945055,4.17,7.36770058139535,1.77771344789161,69,0.138210481377644,19,3.19770058139535,NA,64.9,4,4.72601386274024,NA,NA
100022,"Saints","NO","DST",NA,NA,6,5.8282396347862,3.64738683127572,7.29370139649311,1.49220996116165,29,0.225720128061635,21,3.64631456521739,NA,NA,NA,5.84823936165966,NA,NA
2505660,"Terrell Suggs","BAL","LB",36,15,10,5.82408070408365,4.25,7.16976984225014,1.62916900097909,58,0.0758921547202798,15,2.91976984225014,NA,55.3,8.1,5.00830707714156,NA,NA
2495190,"Ryan Kerrigan","WAS","LB",30,7,4,5.80167303706514,3.41,7.84715886126894,2.39276516032902,59,0.155777367286801,15,4.43715886126894,NA,59.6,6.9,4.71151786653854,NA,NA
2558847,"Marcus Williams","NO","DB",22,1,6,5.78796687418345,4.685,6.59310703363914,1.05898424039793,35,0.0657541312783163,15,1.90810703363914,NA,41.2,2.6,3.29244255053593,NA,NA
2539309,"T.J. McDonald","MIA","DB",27,5,11,5.760657901091,4.5,6.88453201441607,1.536616338165,36,0.089653093151032,15,2.38453201441607,NA,44.3,4.3,3.52511804309176,NA,NA
2553568,"Cameron Meredith","NO","WR",NA,NA,6,5.70061688436045,2.74,7.27335939026773,1.69851210735704,70,0.0852624852629296,19,4.53335939026773,NA,63.9,4.5,5.01223542558736,NA,NA
2558202,"Trent Taylor","SF","WR",24,1,11,5.69786325178536,4.41284033613445,6.73416327552298,1.1392723164877,71,0.17678340334069,20,2.32132293938852,NA,75.9,4.4,4.95499111301794,NA,NA
2532898,"Brandon Marshall","DEN","LB",29,6,10,5.69470406166161,3.65,6.96063036420102,1.5745527416289,60,0.106272138337292,15,3.31063036420102,NA,46.3,5.8,4.43946109015245,NA,NA
2560753,"Donte Jackson","CAR","DB",23,0,4,5.68376758471927,4.78,6.07774,0.584187904862431,37,0.0346202079215399,16,1.29774,NA,24.7,7.2,3.92203505980465,NA,NA
2555349,"Kendall Fuller","KC","DB",23,2,12,5.65824203116066,4.67,6.27378462615283,0.814571339854439,38,0.0382156699432645,16,1.60378462615283,NA,24.3,12.6,4.66112191851139,NA,NA
79848,"Malcolm Jenkins","PHI","DB",31,9,9,5.6400527224348,4.44,6.35727138622247,0.917616440530968,39,0.0793179138078903,16,1.91727138622247,NA,33.9,5.9,3.74410674196784,NA,NA
100009,"Broncos","DEN","DST",NA,NA,10,5.61881956278852,4.3,6.42590167970248,0.771202600623518,30,0.163632926209363,22,2.12590167970248,NA,NA,NA,3.917281601646,NA,NA
496723,"Eric Berry","KC","DB",30,8,12,5.6,5.6,5.6,Inf,40,0.0988117901163301,17,0,NA,97,69,12.380473553893,NA,NA
2556119,"Elandon Roberts","NE","LB",24,2,11,5.59708727789506,4.36,6.71404857778092,1.27746164305913,61,0.0460880805515247,15,2.35404857778092,NA,73.3,3.3,3.82115023472949,NA,NA
100003,"Bills","BUF","DST",NA,NA,11,5.58621945066061,4.7,6.46204790935913,0.737538024005598,31,0.26206562816291,22,1.76204790935913,NA,NA,NA,3.827123194096,NA,NA
2543869,"Devon Kennard","DET","LB",27,4,6,5.57977656875357,4.5,6.71210217567758,1.30431488568283,62,0.0584514227910446,15,2.21210217567758,NA,46.3,2.9,3.72222049786182,NA,NA
2556404,"Maurice Harris","WAS","WR",26,2,4,5.53284554640969,4.56,6.37494767441861,0.915480752691617,72,0.142518217073202,20,1.81494767441861,NA,75.1,4.8,5.18396836329563,NA,NA
2533057,"Donta Hightower","NE","LB",28,6,11,5.5222218259335,3.95,6.88764133081592,1.62482044829205,63,0.037007592937722,15,2.93764133081592,NA,56.5,5.7,4.41472865593553,NA,NA
2539240,"Micah Hyde","BUF","DB",28,5,11,5.52146961725381,5.05,6.0763124823546,0.621800343498837,41,0.0409080704083644,17,1.0263124823546,NA,32.5,9.5,4.236831314439,NA,NA
2555169,"Reggie Ragland","KC","LB",25,2,12,5.52042846599156,3.78,7.15894010653409,1.91118865674299,64,0.0778119639794159,15,3.37894010653409,NA,65.8,15.7,6.88797207762733,NA,NA
2555214,"Laquon Treadwell","MIN","WR",23,2,10,5.50931415047964,4.00048122866894,6.37052583586626,0.945471173127127,73,0.263143438588092,20,2.37004460719732,NA,80.2,6.2,5.98538873926755,NA,NA
2556480,"Kentrell Brice","GB","DB",24,2,7,5.48090680251352,5.04,5.92710129340768,0.588715795068271,42,0.00385194011962842,17,0.887101293407679,NA,42.4,12.9,4.70218229955066,NA,NA
2533062,"Stephon Gilmore","NE","DB",28,6,11,5.48021629117738,4.63,6.20445201231061,0.848839521917678,43,0.0117183376764736,18,1.57445201231061,NA,67.8,17.7,5.35914839617888,NA,NA
2495504,"Patrick Peterson","ARI","DB",28,7,9,5.47389343361042,4.7,6.1596889785085,0.884538771327813,44,0.0130398620640371,18,1.4596889785085,NA,65.4,27.5,6.70045417679483,NA,NA
2495488,"J.J. Watt","HOU","DL",29,7,10,5.4732556721973,3.65,6.72504010653409,1.32430441765382,5,0.0771226037131107,4,3.07504010653409,NA,2.9,3.2,3.52158171165855,NA,NA
2540230,"Kyle Juszczyk","SF","RB",27,5,11,5.47138351316082,2.89,7.13395744680851,1.85187180781442,48,0.263057998757526,20,4.24395744680851,NA,53.2,2.4,6.61095157584579,NA,NA
2532920,"Josh Norman","WAS","DB",31,6,4,5.46310247339139,5.09,5.92427542701863,0.51904637896269,45,0.00505106970466596,18,0.834275427018634,NA,60.4,9.2,4.19577093339974,NA,NA
2543681,"Kyle Fuller","CHI","DB",26,4,5,5.45860466970137,4.55831439393939,6.369565,1.16679925272815,46,0.0066733256916045,18,1.81125060606061,NA,43.8,5.1,3.6346123925298,NA,NA
2532875,"Janoris Jenkins","NYG","DB",30,6,9,5.45749813767208,4.4,6.22728369976943,0.828865848126627,47,0.016160523020587,18,1.82728369976943,NA,49,14.4,4.90748420474698,NA,NA
2532871,"Bruce Irvin","OAK","LB",28,6,7,5.45,5.45,5.45,NA,65,0.0286367061092445,16,0,NA,36.9,9.3,5.30509628774458,NA,NA
2558061,"Marshon Lattimore","NO","DB",22,1,6,5.44636455034745,4.795,5.85531,0.517582741474887,48,0.0160791441007646,18,1.06031,NA,45.5,11.1,4.45582001331507,NA,NA
2557965,"Myles Garrett","CLE","DL",23,1,11,5.43632774360074,4.295,6.25853415490887,1.06535846607827,6,0.0811307560364174,4,1.96353415490887,NA,6.3,1.4,3.20647046348642,NA,NA
2557980,"Jabrill Peppers","CLE","DB",23,1,11,5.43631067895553,4.51,6.33310082580463,1.03174566325525,49,0.0354661235502398,18,1.82310082580463,NA,74.7,34.3,7.63115614701814,NA,NA
2558070,"Raekwon McMillan","MIA","LB",22,1,11,5.43523300402428,3.55,6.6965092285432,1.61539757100464,66,0.0295909887250145,17,3.1465092285432,NA,42.4,7.9,4.95884220870772,NA,NA
2552262,"Quandre Diggs","DET","DB",27,3,6,5.42426013353785,4.69,5.82146518857049,0.461100515956646,50,0.0588114671295692,18,1.13146518857049,NA,26.3,7.6,3.97678223452366,NA,NA
2550656,"Cameron Brate","TB","TE",27,4,5,5.40781592106442,1.93782950131133,7.13128440366972,2.02946033857648,22,0.195449869592635,10,5.19345490235839,NA,19.7,1.6,7.14652577129285,NA,NA
2552447,"Shaq Green-Thompson","CAR","LB",NA,NA,4,5.40749358375723,1.725,6.96918803818464,2.48314305320204,67,0.0428963939656937,17,5.24418803818464,NA,57,3.7,3.92007997159717,NA,NA
2543456,"Jadeveon Clowney","HOU","LB",25,4,10,5.40379044684129,3.96,6.28348136645963,2.05768073325285,68,0.0910884804704004,18,2.32348136645963,NA,15.2,8.6,5.13196924822615,NA,NA
497149,"LeGarrette Blount","DET","RB",32,8,6,5.37904600235156,2.01433571428571,6.81608857586513,1.71054977770546,49,0.387402057613169,21,4.80175286157941,NA,41.5,3.3,6.82751400425574,NA,NA
496727,"Morgan Burnett","PIT","DB",29,8,7,5.37742897727273,4.985,5.5736,0.328015674849212,51,0.0411863028873656,18,0.5886,NA,51.1,36.7,7.95963919533225,NA,NA
2555282,"Kenny Clark","GB","DL",23,2,7,5.35593839336764,4.25,5.92461347167325,0.752149938264557,7,0.114526944655187,4,1.67461347167325,NA,32,8.8,4.50192781708295,NA,NA
2495184,"Cameron Jordan","NO","DL",29,7,6,5.35445558176101,4.48,5.91759546875,0.604053929978401,8,0.250669991368695,4,1.43759546875,NA,7,0.8,3.10143338076238,NA,NA
496735,"Kareem Jackson","HOU","DB",30,8,10,5.35346835554383,3.45,6.2361093544137,1.24634349557581,52,0.0355189592462626,18,2.7861093544137,NA,18.5,4.9,3.60723880517029,NA,NA
2555285,"Leonard Floyd","CHI","LB",26,2,5,5.32540393274179,3,7.17597915482955,2.18743800663139,69,0.0990115849166546,19,4.17597915482955,NA,66.8,5.2,4.29106648485094,NA,NA
100023,"Giants","NYG","DST",NA,NA,9,5.3241538224977,3.62969135802469,6.38371338432636,1.2055497101775,32,NA,23,2.75402202630166,NA,NA,NA,5.08052343194687,NA,NA
2530510,"Chris Harris","DEN","DB",29,7,10,5.3190169932269,3.51,6.3646853125,1.16375377399723,53,0.00485174418930701,19,2.8546853125,NA,85,10,4.30526528283777,NA,NA
2558976,"Kenny Moore","IND","DB",23,1,9,5.31688179936823,3.6,6.18796342221608,1.28767501003059,54,0.0278366238283612,19,2.58796342221608,NA,29.3,21.3,5.85187296865004,NA,NA
2552265,"Steven Nelson","KC","DB",25,3,12,5.31144869870695,4.76,5.77693998800113,0.512582704175466,55,0.0473081218113656,19,1.01693998800113,NA,65.7,9.9,4.29157848915802,NA,NA
2495228,"Jabaal Sheard","IND","LB",29,7,9,5.3,5.3,5.3,NA,70,0.171590991555614,19,0,NA,14.6,3.3,3.82115023472949,NA,NA
2532978,"Jarius Wright","CAR","WR",29,6,4,5.27134050819333,3.55,6.9851094224924,1.34126701695226,74,0.0898365951375437,20,3.4351094224924,NA,83,4.1,4.78325817530966,NA,NA
494259,"Barry Church","JAC","DB",30,8,9,5.26664165237278,4.65,5.67047819028797,0.53308404302297,56,0.105513418381933,19,1.02047819028797,NA,20.5,9.4,4.22314452075925,NA,NA
2558176,"Eddie Jackson","CHI","DB",NA,1,5,5.26163950141839,4.95,5.57223684892235,0.34051776184057,57,0.205701283288252,19,0.622236848922354,NA,46.5,7.8,4.00415582188317,NA,NA
2555289,"Nick Vannett","SEA","TE",NA,2,7,5.2427077248276,4.00096245733788,6.566875,1.31503359428073,23,0.128403769137538,10,2.56591254266212,NA,29.8,4.3,6.86379704628346,NA,NA
2556519,"Alex Erickson","CIN","WR",26,2,9,5.22100091558976,2.23388048552754,7.11470432144489,1.86513475146084,75,0.288087592714343,20,4.88082383591735,NA,90.8,7.1,6.50058755239236,NA,NA
2552399,"Jeff Heuerman","DEN","TE",26,3,10,5.18202437811597,2.67,6.7743473998295,1.51788704096913,24,0.234804253195172,10,4.1043473998295,NA,23.1,2.1,6.4967130711963,NA,NA
2552289,"Bud Dupree","PIT","LB",25,3,7,5.15278469565026,3.8,6.51011360107284,1.66054536921906,71,0.0923252332376734,19,2.71011360107284,NA,50.7,4.9,4.21686918220018,NA,NA
2561054,"Damion Ratley","CLE","WR",23,0,11,5.14200691052182,0.813,7.08358176291793,2.42652840995236,76,0.434655196071925,20,6.27058176291793,NA,67.2,3.2,4.26805936218486,NA,NA
496843,"Jason Pierre-Paul","TB","DL",29,8,5,5.1283673156639,4.19,5.74621551795125,0.702640499642636,9,0.0562634726711977,4,1.55621551795125,NA,4.8,1.3,3.18896428303242,NA,NA
2543769,"Deone Bucannon","ARI","LB",26,4,9,5.10403332123851,0.09,6.99241447916667,3.27095984953874,72,0.123082534112899,19,6.90241447916667,NA,57.2,26.3,9.50961010462064,NA,NA
2552278,"Trey Flowers","NE","DL",25,3,11,5.07920386512073,4.67,5.38799886187182,0.361689050527709,10,0.0347087484056816,5,0.717998861871824,NA,12.7,2.3,3.36402608757249,NA,NA
2552603,"Danielle Hunter","MIN","DL",24,3,10,5.06500382086467,3.47,5.91368041831357,1.18189531883312,11,0.107441401954963,5,2.44368041831357,NA,5.4,0.9,3.11893956121639,NA,NA
2532848,"Tashaun Gipson","JAC","DB",28,6,9,5.06061696656331,4.3,6.04769926065782,1.22966234270158,58,0.016080057422923,20,1.74769926065782,NA,80.3,8.7,4.12733696500096,NA,NA
2555530,"Vonn Bell","NO","DB",24,2,6,5.05125946969697,4.08,5.71352293577982,0.943367584444427,59,0.0334161123051553,20,1.63352293577982,NA,39.2,6.2,3.7851671230071,NA,NA
2495826,"Vernon Davis","WAS","TE",34,12,4,5.04658353326415,4.37368067226891,6.37990825688073,0.954538648270398,25,0.307344924575348,10,2.00622758461183,NA,25.7,1.8,5.51565603368102,NA,NA
2552434,"Bobby McCain","MIA","DB",25,3,11,5.03781434858381,3.76,5.71101454308712,0.925695230090595,60,0.0942765799624956,20,1.95101454308712,NA,52.3,13.9,4.8390502363482,NA,NA
2533457,"Alfred Morris","SF","RB",30,6,11,5.03760502645503,0.7,7.50302598784195,3.20511396006608,50,0.330555335097001,21,6.80302598784195,NA,44.6,4.1,9.31677172969141,NA,NA
744,"Calais Campbell","JAC","DL",32,10,9,5.02398641256542,4.45,5.68956857322674,0.822314755649365,12,0.164085316401168,5,1.23956857322674,NA,3.2,0.9,3.11893956121639,NA,NA
2558830,"Samson Ebukam","LAR","LB",23,1,12,5.01688560358667,2.82,6.33995959043561,1.67807279579069,73,0.0922673017823374,19,3.51995959043561,NA,63.7,10.9,5.70081523521527,NA,NA
2560725,"Minkah Fitzpatrick","MIA","DB",22,0,11,4.99787236619983,4.03,5.38944,0.768934847314848,61,0.10881189345716,21,1.35944,NA,69,30.3,7.08368439982795,NA,NA
2560770,"Ronald Jones","TB","RB",21,0,5,4.94568286302175,1.99980714285714,6.41729828484585,1.56764988320954,51,0.839097045855379,21,4.41749114198871,NA,34.8,4.6,7.22712822408588,NA,NA
2540140,"Barkevious Mingo","SEA","LB",28,5,7,4.94501597066456,3.3,6.51043728825522,1.76526558222555,74,0.061439221892404,19,3.21043728825522,NA,52,14.8,6.66538016967507,NA,NA
80431,"Clay Matthews","GB","LB",32,9,7,4.9042206329441,3.35,6.15154170489836,1.48696152571921,75,0.051589926140986,19,2.80154170489836,NA,68,6.4,4.58785569545395,NA,NA
2533433,"Akiem Hicks","CHI","DL",29,6,5,4.89113842525399,4.34,5.31120380434783,0.412762617779746,13,0.0684724421488481,6,0.971203804347827,NA,14.5,2.5,3.3990384484805,NA,NA
2552448,"Trae Waynes","MIN","DB",26,3,10,4.88920317104279,4.54,5.28089356871467,0.504833381932199,62,0.000555788060210283,21,0.74089356871467,NA,54,11.3,4.48319360067458,NA,NA
2555280,"Jalen Ramsey","JAC","DB",24,2,9,4.88891777444254,4.41,5.17598,0.375930986624689,63,0.015062597583233,21,0.76598,NA,73.3,24.6,6.30353716008194,NA,NA
2540288,"Darius Slay","DET","DB",27,5,6,4.88837699152263,3.9,5.36314587357955,0.679969223603901,64,0.0314371845725034,21,1.46314587357955,NA,59.3,14.8,4.96223137946599,NA,NA
2555505,"Matt Judon","BAL","LB",NA,2,10,4.8629328646002,3.05,6.11085378095979,1.77237422099254,76,0.0286157170268648,19,3.06085378095979,NA,61.7,7.1,4.76098273497238,NA,NA
2555277,"Eli Apple","NO","DB",23,2,6,4.85933336219598,3.75,5.92779886892998,1.15765969246566,65,0.0133707036106321,21,2.17779886892998,NA,NA,NA,NA,NA,NA
2506861,"Brent Grimes","TB","DB",35,12,5,4.85454625170427,4.4,5.15581155015198,0.372009394329049,66,0.0250091810922708,21,0.755811550151976,NA,53.8,16.3,5.16753328466231,NA,NA
2552633,"Jesse James","PIT","TE",24,3,7,4.84785671657745,1.99874754932763,6.57309349900947,1.75921631296371,26,0.245154851055791,10,4.57434594968184,NA,25.2,2.1,6.87687160996048,NA,NA
2533048,"Nick Perry","GB","LB",28,6,7,4.84232854900602,2.8,6.4067821940288,1.82723246664375,77,0.092309688416309,19,3.6067821940288,NA,70,3.2,3.79641780051258,NA,NA
2556559,"Mike Hilton","PIT","DB",24,2,7,4.83737906546642,3.57757887517147,5.96043625,1.84261251752986,67,0.0265315275876361,22,2.38285737482853,NA,82,1.4,3.12820102637888,NA,NA
496780,"Carlos Dunlap","CIN","DL",29,8,9,4.82866376707452,3.81,5.50280138339921,0.788650885629093,14,0.0546589011085929,6,1.69280138339921,NA,9.1,0.9,3.11893956121639,NA,NA
2550572,"Christian Jones","DET","LB",27,4,6,4.82630574614065,2.85,6.5063428147939,1.97917195074419,78,0.275614710071715,19,3.6563428147939,NA,76.8,11.6,5.87394227473369,NA,NA
89756,"Jason McCourty","NE","DB",31,9,11,4.82169507575758,2.99,6.208,2.14452254609219,68,0.0227929902251844,22,3.218,NA,80,12.2,4.60637474379237,NA,NA
2495228,"Jabaal Sheard","IND","DL",29,7,9,4.81666819913577,3.63,5.57388889575099,0.84511893071183,15,0.166901960599804,6,1.94388889575099,NA,14.6,3.3,3.53908789211256,NA,NA
2532877,"Trumaine Johnson","NYJ","DB",28,6,11,4.8,4.8,4.8,NA,70,0.00471901526146912,22,0,NA,NA,NA,NA,NA,NA
2533060,"Dre Kirkpatrick","CIN","DB",29,6,9,4.79780417106478,4.18,5.52325693464145,0.781115161286193,71,0.0303196847374325,22,1.34325693464145,NA,46.3,24.3,6.26247677904268,NA,NA
2495872,"Johnathan Joseph","HOU","DB",34,12,10,4.79275779841228,3.79,5.76779253129117,0.988450943852876,72,0.0509409088408566,22,1.97779253129117,NA,44.3,12.5,4.64743512483164,NA,NA
2555552,"Ryan Smith","TB","DB",25,2,5,4.74221117424242,4.1,5.29785714285714,0.796540579028919,73,0.0267822859189675,22,1.19785714285714,NA,125.5,62.5,11.4908319647089,NA,NA
2555394,"Daryl Worley","OAK","DB",NA,2,7,4.74142260490042,3.55964334705075,5.60040425531915,1.22048924058818,74,0.0777724146818342,22,2.04076090826839,NA,39.6,10.5,4.37369925123655,NA,NA
2555275,"DeForest Buckner","SF","DL",24,2,11,4.73134153279608,3.7,5.53607892786561,1.00888046960218,16,0.19931079920935,6,1.83607892786561,NA,13.1,3.1,3.50407553120454,NA,NA
2558208,"Chad Williams","ARI","WR",24,1,9,4.72381973522903,2.825,6.01063525835866,1.32117020938112,77,0.0887977579021149,21,3.18563525835866,NA,78.2,3.3,4.32530367475428,NA,NA
2560907,"Marquez Valdes-Scantling","GB","WR",24,0,7,4.69088369367076,2.367,6.20590908610068,1.75955848052121,78,0.154980730896265,21,3.83890908610068,NA,65.5,8.5,7.30200792836428,NA,NA
2307,"Orlando Scandrick","KC","DB",31,10,12,4.68943517174649,3.55916666666667,5.762485,1.26621387518213,75,0.0533917561408721,22,2.20331833333333,NA,97.5,21.5,5.87924655600955,NA,NA
2553722,"Matt Longacre","LAR","LB",NA,NA,12,4.67373197503878,1.4,6.29797371045392,2.73334281347839,79,0.279910355844516,20,4.89797371045392,NA,90,5,4.2416016164171,NA,NA
2555342,"Karl Joseph","OAK","DB",NA,2,7,4.63786520869068,2.42,5.71185706439394,1.53608246357896,76,0.00500120261028325,22,3.29185706439394,NA,91.5,72.5,12.8595113326844,NA,NA
496733,"Joe Haden","PIT","DB",29,8,7,4.63422162252056,4.1,5.07347098214286,0.527317101205283,77,0.0380524688558292,22,0.973470982142857,NA,84.8,11.7,4.5379407753936,NA,NA
4365,"Brandon Carr","BAL","DB",32,10,10,4.63150638964023,4,5.02114665972614,0.519099706378588,78,0.0752645845703039,22,1.02114665972614,NA,116.5,10.5,4.37369925123655,NA,NA
2560995,"Dallas Goedert","PHI","TE",24,0,9,4.63062050080014,3.244,5.7649265,0.963903531538805,27,0.173716212747754,11,2.5209265,NA,22.5,2.2,5.65525056033838,NA,NA
2560836,"Dante Pettis","SF","WR",23,0,11,4.57916026098307,2.165,5.89323837209302,1.61033853452484,79,0.0948033585872734,21,3.72823837209302,NA,92.4,13.2,9.99249061912717,NA,NA
2552403,"Nick OLeary","MIA","TE",26,3,11,4.57478323024318,2.51,6.24681018336413,1.57657519180181,28,0.27038877706203,11,3.73681018336413,NA,28.5,2.8,6.80763675261308,NA,NA
496861,"Ndamukong Suh","LAR","DL",31,8,12,4.56819094427585,3.1,5.48167160737813,0.99115379297923,17,0.0773644105269327,7,2.38167160737813,NA,22.5,9.4,4.60696489980699,NA,NA
2556367,"William Jackson","CIN","DB",25,2,9,4.56083191768923,3.56,5.38232529291361,0.948805856723457,79,0.0100060714639136,22,1.82232529291361,NA,97.7,6.6,3.83991429772612,NA,NA
2506789,"Tramon Williams","GB","DB",35,12,7,4.55165169245063,3.87,4.92951064899774,0.503193355376362,80,0.00507767144412075,22,1.05951064899774,NA,89.8,10.1,4.31895207651753,NA,NA
2552484,"P.J. Williams","NO","DB",25,3,6,4.55,4.55,4.55,NA,81,0.0121331076549245,22,0,NA,139.5,18.5,5.46864274561691,NA,NA
2495153,"Marcus Gilchrist","OAK","DB",30,7,7,4.54314804201302,3.4,5.32068696181536,0.969207101156173,82,0.0299546306680742,22,1.92068696181536,NA,71,16,5.12647290362305,NA,NA
2495108,"Prince Amukamara","CHI","DB",29,7,5,4.53258574267713,3.79,5.21417962132976,0.743235578659886,83,0.0429792367616662,22,1.42417962132976,NA,99,29.1,6.9194428756709,NA,NA
496762,"Geno Atkins","CIN","DL",30,8,9,4.49587052289761,3.5,5.36228260869565,0.944169569312889,18,0.0229792505974986,7,1.86228260869565,NA,21,2.5,3.3990384484805,NA,NA
2555539,"Xavien Howard","MIA","DB",25,2,11,4.49380108001275,3.58,5.19608947206439,0.839672075277409,84,0.0332247437332933,23,1.61608947206439,NA,80.3,3.3,3.38825010629422,NA,NA
2558066,"Curtis Samuel","CAR","WR",22,1,4,4.49264566456591,3.38,5.11933130699088,0.785675638758103,80,0.0396619667673441,21,1.73933130699088,NA,85.9,6.2,5.98538873926755,NA,NA
2552629,"Frank Clark","SEA","DL",25,3,7,4.48578254460022,3.59,5.2041116244879,0.930880418699797,19,0.03252684491469,7,1.6141116244879,NA,16.5,4.7,3.78417441846866,NA,NA
2534830,"Tavon Wilson","DET","DB",28,6,6,4.48541193181818,2.675,5.48864,1.57700082814157,85,0.0565808785575888,23,2.81364,NA,96.7,42.2,8.71241284771875,NA,NA
497320,"Andre Roberts","NYJ","WR",30,8,11,4.47606814022567,0,8.03654313962128,3.6897000086409,81,0.174662340992819,21,8.03654313962128,NA,81.3,3.4,4.3825479873237,NA,NA
2540204,"Spencer Ware","KC","RB",27,5,12,4.4684165196943,2.55604285714286,5.66998256433008,1.3032797392148,52,0.741257275132275,22,3.11393970718722,NA,51.8,1.7,5.50901746625193,NA,NA
2543494,"Dee Ford","KC","DL",27,4,12,4.46,4.46,4.46,NA,20,0.0141766448959846,8,0,NA,55.8,4.3,3.71414969665263,NA,NA
2508109,"Cameron Heyward","PIT","DL",29,7,7,4.44651139937107,3.78,4.87912390625,0.466357854219116,21,0.0123619987520334,9,1.09912390625,NA,14.9,4.3,3.71414969665263,NA,NA
2557836,"Larry Ogunjobi","CLE","DL",24,1,11,4.44513531083696,3.36,5.22514990942029,0.824744465810325,22,0.138258541281831,9,1.86514990942029,NA,29.2,3.7,3.60911261392859,NA,NA
2560728,"Tre Flowers","SEA","DB",23,0,7,4.43574074074074,3.4,5.1864726443769,1.62281006282313,86,0.0205619508546322,23,1.7864726443769,NA,50.8,20.6,5.75606541289176,NA,NA
2552652,"Chris Conley","KC","WR",26,3,12,4.42989925537147,3.61045471521942,4.95441860465116,0.562848718312541,82,0.314969168661018,21,1.34396388943174,NA,75.7,2.5,3.86734917419889,NA,NA
2552276,"Preston Smith","WAS","LB",26,3,4,4.42765009709909,3.34,5.41680266046973,1.42180227063405,80,0.103465080787247,20,2.07680266046973,NA,68,2.8,3.6974880636449,NA,NA
2539310,"Margus Hunt","IND","DL",31,5,9,4.42316349040111,3.755,4.8951553236166,0.501936922230313,23,0.239387670436107,9,1.1401553236166,NA,25.3,7.9,4.34437219299688,NA,NA
2543505,"Bradley Roby","DEN","DB",26,4,10,4.42192136578045,3.35,5.09339441051136,0.839307674816181,87,0.0254129871458231,23,1.74339441051136,NA,79.3,1.7,3.16926140741814,NA,NA
2553500,"Bryce Callahan","CHI","DB",NA,NA,5,4.40843621399177,3.75,4.7313,0.848528137423857,88,0.0344522581873532,23,0.9813,NA,99,24.7,6.3172239537617,NA,NA
494261,"Kurt Coleman","NO","DB",30,8,6,4.38458054327748,2.95,5.18112357072276,1.07926958354186,89,0.0353868591118003,23,2.23112357072276,NA,59.8,36.7,7.95963919533225,NA,NA
2557867,"TreDavious White","BUF","DB",23,1,11,4.36338736833135,4,4.65277644162902,0.322386613543801,90,0.0307192812101418,23,0.652776441629023,NA,84.8,29.4,6.96050325671016,NA,NA
71197,"Connor Barwin","NYG","LB",32,9,9,4.35999314128944,1.515,5.75503375,3.66634866045225,81,0.0875103352371678,20,4.24003375,NA,113.5,10.5,5.60188549834759,NA,NA
2560994,"Mike Gesicki","MIA","TE",23,0,11,4.3390253458616,3.306,5.68229651162791,0.988891258734225,29,0.201835509064569,11,2.37629651162791,NA,26.8,3,5.94429758554338,NA,NA
2556642,"Patrick Onwuasor","BAL","DB",26,2,10,4.335,4.335,4.335,NA,91,0.0787606977971942,24,0,NA,83.8,6.9,3.88097467876538,NA,NA
2555173,"Eric Murray","KC","DB",24,2,12,4.33033617424242,2.96,5.05084,1.16259007166777,92,0.169960981888105,25,2.09084,NA,146.5,7.5,3.96309544084391,NA,NA
2539293,"Gerald Hodges","ARI","LB",27,5,9,4.28837689133425,1.95,5.4275625,3.00520382004283,82,0.0630678529188025,20,3.4775625,NA,NA,NA,NA,NA,NA
2560957,"Mark Andrews","BAL","TE",22,0,10,4.2697635605007,3.96,4.57262948328268,0.248733150822751,30,0.305396799500572,12,0.612629483282675,NA,27.7,2.8,4.71592825063089,NA,NA
2533534,"Olivier Vernon","NYG","LB",28,6,9,4.25658872077029,4.02,4.3718475,0.304055915910216,83,0.0999263731925524,20,0.351847500000001,NA,50.7,4.3,4.06847457689867,NA,NA
2560984,"Oren Burks","GB","LB",23,0,7,4.19402935606061,2.81,5.0162,1.26197659745225,84,0.0763325299896653,20,2.2062,NA,84.8,12,5.97287201160136,NA,NA
2552486,"Leonard Williams","NYJ","DL",24,3,11,4.19059004870915,3.43,4.94985645468662,0.903953481084286,24,0.0171092530987274,9,1.51985645468662,NA,24.9,3.7,3.60911261392859,NA,NA
2499257,"Colin Jones","CAR","DB",31,7,4,4.18214243016319,3.5,4.96539759220919,1.18203264934451,93,0.0490800414905372,25,1.46539759220919,NA,NA,NA,NA,NA,NA
2533534,"Olivier Vernon","NYG","DL",28,6,9,4.17696159122085,3.845,4.33973875,0.427799602617861,25,0.00784881675226412,10,0.49473875,NA,50.7,4.3,3.71414969665263,NA,NA
2543500,"Jordan Matthews","PHI","WR",26,4,9,4.17291234309423,3.15573389355742,5.39849105107159,1.19020308055086,83,0.245410498766565,22,2.24275715751417,NA,83.1,3.1,4.21081504961543,NA,NA
2533049,"Whitney Mercilus","HOU","DL",28,6,10,4.17,4.17,4.17,NA,26,0.0030283366912478,11,0,NA,63.8,5.9,3.99424858391674,NA,NA
2532871,"Bruce Irvin","OAK","DL",28,6,7,4.16822554893717,2.66,5.17403135890152,1.23599578505423,27,0.0267113089622901,12,2.51403135890152,NA,36.9,9.3,4.58945871935298,NA,NA
2555238,"Jarran Reed","SEA","DL",25,2,7,4.16571777768033,3.14,4.65125761693017,0.647202850186733,28,0.082062426545618,12,1.51125761693017,NA,27.4,4.5,3.74916205756064,NA,NA
2560712,"Terrell Edmunds","PIT","DB",21,0,7,4.13860795454545,2.13,5.1312,1.67436063115503,94,0.026166497614021,26,3.0012,NA,39.1,7.9,4.01784261556293,NA,NA
2558259,"Shaq Griffin","SEA","DB",24,1,7,4.12751682279984,2.35,5.22446386222473,1.40684612942667,95,0.0329762611602229,26,2.87446386222473,NA,50.2,8.7,4.12733696500096,NA,NA
2539277,"Manti Teo","NO","LB",27,5,6,4.11929533909487,2.3,5.95806546442688,2.0658716903851,85,0.0322286636319653,20,3.65806546442688,NA,85,2,3.49962858990956,NA,NA
2556369,"Chris Jones","KC","DL",24,2,12,4.11731070226943,2.98,5.09345157670455,1.01820519840604,29,0.0681019030105121,12,2.11345157670455,NA,40.7,6.2,4.04676712527876,NA,NA
2499278,"Malcolm Smith","SF","LB",29,7,11,4.11609831304702,1.42,6.3397108688447,2.68553088296274,86,0.061825490455754,20,4.9197108688447,NA,83,19.9,7.92673431473789,NA,NA
2557996,"Kevin King","GB","DB",23,1,7,4.09736609106302,2,5.57163175818746,1.75399427957083,96,0.0111827122366623,26,3.57163175818746,NA,97.7,14.4,4.90748420474698,NA,NA
2543872,"Nevin Lawson","DET","DB",27,4,6,4.09171503221621,3.06,5.227959574393,1.22226838907623,97,0.0206457982858339,26,2.167959574393,NA,97.5,18.1,5.4138955708979,NA,NA
2555344,"Artie Burns","PIT","DB",23,2,7,4.08065172543651,2.75,5.08299462697628,1.16989162475423,98,0.0266691699084554,26,2.33299462697628,NA,152,9,4.16839734604023,NA,NA
2543855,"Bene Benwikere","ARI","DB",27,4,9,4.06148674242424,2.95,5.23090577507599,1.7120149715731,99,0.0186431619148761,26,2.28090577507599,NA,57.7,30.7,7.13843157454697,NA,NA
2560966,"Jerome Baker","MIA","LB",22,0,11,4.05803503787879,3,4.78216717325228,1.03682548494804,87,0.021326135742072,20,1.78216717325228,NA,51.6,7.1,4.76098273497238,NA,NA
2558914,"Kendrick Bourne","SF","WR",23,1,11,4.05694783032667,2.69,5.12369361702128,1.0099805461641,84,0.281926923331588,22,2.43369361702128,NA,98.6,8.6,7.35925224093371,NA,NA
2558033,"Ben Gedeon","MIN","LB",24,1,10,4.05051060730373,2.5,5.9143510728402,2.19304976009003,88,0.0390570088188857,20,3.4143510728402,NA,112,6,4.48892595858628,NA,NA
2552276,"Preston Smith","WAS","DL",26,3,4,4.05,4.05,4.05,NA,30,0.00329120074108236,12,0,NA,68,2.8,3.45155698984252,NA,NA
2539296,"Kawann Short","CAR","DL",29,5,4,4.04841759851783,3.66,4.36143984247568,0.400190985468244,31,0.0399627906711837,13,0.701439842475681,NA,29.4,5.6,3.94173004255472,NA,NA
2558108,"Nate Hairston","IND","DB",24,1,9,4.04647836863187,1.9,5.69658040027605,2.25110352361274,100,0.0117048373282707,26,3.79658040027605,NA,NA,NA,NA,NA,NA
2555505,"Matt Judon","BAL","DL",NA,2,10,4.045,4.045,4.045,NA,32,0.100924652119484,14,0,NA,61.7,7.1,4.20432274936483,NA,NA
2540197,"Nickell Robey","LAR","DB",26,5,12,4.03920879238686,2.22,5.28064827428007,1.5467699558133,101,0.00909647545850412,26,3.06064827428007,NA,151.5,3.5,3.41562369365373,NA,NA
2556735,"Ken Crawley","NO","DB",25,2,6,4.03033827022035,2.25,5.93278733766234,2.04592686492725,102,0.00851772097792214,26,3.68278733766234,NA,64.3,5.1,3.6346123925298,NA,NA
2560952,"Jaire Alexander","GB","DB",21,0,7,4.02988636363636,2.77,5.09512,1.70574016647269,103,0.0171219371234113,26,2.32512,NA,82.3,45.2,9.12301665811139,NA,NA
2561020,"Bradley Chubb","DEN","LB",22,0,10,4.0229071969697,3.1,4.66198176291793,0.908824232546016,89,0.0488388950454728,20,1.56198176291793,NA,51.8,4.6,4.14267187954943,NA,NA
2550164,"T.J. Carrie","CLE","DB",NA,NA,11,4.01375473484848,1.95,5.31411009174312,1.98157327158363,104,0.0210371998284731,26,3.36411009174312,NA,114.5,9.5,4.236831314439,NA,NA
2533059,"Morris Claiborne","NYJ","DB",28,6,11,4.01177411817742,3.25,4.66075436429513,0.713708832280663,105,0.0483381045164677,26,1.41075436429513,NA,95.3,7.6,3.97678223452366,NA,NA
2557889,"Gerald Everett","LAR","TE",24,1,12,4.00461611309336,2.27466760037348,5.10664867365386,1.2504465850735,31,0.0826507651610608,12,2.83198107328038,NA,29.5,2.3,6.13784354978643,NA,NA
2557901,"Carl Lawson","CIN","LB",23,1,9,4,4,4,NA,90,0.0623407759279555,21,0,NA,91.3,6.1,4.5136583928032,NA,NA
2541200,"Rashaan Melvin","OAK","DB",NA,NA,7,3.9736609518626,1.66,5.4905910326087,1.79906622238391,106,0.0436110077138983,26,3.8305910326087,NA,100.5,47.3,9.41043932538623,NA,NA
2495485,"Robert Quinn","MIA","DL",28,7,11,3.9719096156933,3.4,4.45094926948052,0.566394548708398,33,0.0631546059624659,15,1.05094926948052,NA,29.4,6.2,4.04676712527876,NA,NA
2543741,"Jimmie Ward","SF","DB",27,4,11,3.9532110754593,3.31642365887208,4.50825382262997,0.798143674935744,107,0.0491860728479212,26,1.19183016375789,NA,NA,NA,NA,NA,NA
2555288,"Nick Kwiatkoski","CHI","LB",25,2,5,3.94813660384845,0.785,5.84349507323058,2.80920423865505,91,0.0357251709417321,22,5.05849507323058,NA,NA,NA,NA,NA,NA
2557972,"Marquel Lee","OAK","LB",23,1,7,3.92718184429564,0,6.14087553818464,3.014464121532,92,0.0533613335367455,22,6.14087553818464,NA,46.8,2.4,3.59855832677723,NA,NA
2560896,"Jordan Thomas","HOU","TE",22,0,10,3.92411740890688,1.71,6.11978723404255,2.02784029635267,32,0.175920906822463,12,4.40978723404255,NA,37.3,3.3,7.67455361045724,NA,NA
2560951,"Jordan Akins","HOU","TE",26,0,10,3.91981328695772,2.83,4.76181744186047,1.05279227132548,33,0.385133374719792,13,1.93181744186047,NA,35.1,3.8,6.29464350579053,NA,NA
2533050,"Michael Brockers","LAR","DL",28,6,12,3.91624108006773,2.74,4.64204505208333,0.91841290936253,34,0.0403112939536876,15,1.90204505208333,NA,49.3,12.6,5.16716267433521,NA,NA
2558157,"Ahkello Witherspoon","SF","DB",23,1,11,3.90688881283811,3.35,4.30853262634105,0.463128269060907,108,0.0540615310397152,26,0.95853262634105,NA,116,0,2.93658591486232,NA,NA
2555278,"Emmanuel Ogbah","CLE","DL",25,2,11,3.90126893939394,2.95,4.63396352583587,1.00231158785488,35,0.0605062675953532,16,1.68396352583587,NA,28.3,6.7,4.1342980275488,NA,NA
2557881,"Tedric Thompson","SEA","DB",23,1,7,3.90116119238466,0,5.66871732522796,2.89482483871618,109,0.134483779755279,26,5.66871732522796,NA,66,26.2,6.52252585895802,NA,NA
2555256,"Jordan Jenkins","NYJ","LB",24,2,11,3.89764102151779,2.35,5.48926209592038,2.02141706824649,93,0.104263913170163,22,3.13926209592038,NA,77.7,5.4,4.34053135328477,NA,NA
496802,"Linval Joseph","MIN","DL",30,8,10,3.85059063283415,2.42,4.49498795701581,0.950146005909233,36,0.0313590729071791,17,2.07498795701581,NA,42.6,4.7,3.78417441846866,NA,NA
2552451,"Shane Ray","DEN","LB",25,3,10,3.85,3.85,3.85,NA,94,0.125144839526173,22,0,NA,NA,NA,NA,NA,NA
2533051,"Fletcher Cox","PHI","DL",28,6,9,3.83093471076303,2.61,4.63487522660978,1.06800537225087,37,0.0568539963712862,17,2.02487522660978,NA,24.5,4.9,3.81918677937667,NA,NA
2539931,"Ezekiel Ansah","DET","DL",29,5,6,3.80752840909091,3.55,4.01634862385321,0.283946587032276,38,0.0679529030325021,17,0.466348623853211,NA,42.2,35.6,9.19358417875684,NA,NA
2540155,"Xavier Rhodes","MIN","DB",28,5,10,3.80449337121212,2.9,4.2910547112462,0.765176168896048,110,0.0914951695054658,27,1.3910547112462,NA,72.8,15.3,5.03066534786477,NA,NA
2553432,"Kevin White","CHI","WR",25,3,5,3.79805585832867,1.377,6.00243161094225,2.09334136602499,85,0.214400764456965,22,4.62543161094225,NA,106.9,7.7,6.8440534278089,NA,NA
2495453,"Andre Holmes","BUF","WR",30,7,11,3.7519859556615,2.91,4.66234650455927,1.17315732944843,86,0.341503423194861,22,1.75234650455927,NA,87.3,3.8,4.6115252376014,NA,NA
2552647,"Marcus Murphy","BUF","RB",27,3,11,3.74475511463845,1.49837857142857,4.97722796352584,1.60174285692736,53,0.194569381583777,23,3.47884939209727,NA,51.1,4.5,7.22913597455906,NA,NA
2543483,"Stephon Tuitt","PIT","DL",25,4,7,3.74063301969257,2.83,4.60087289137493,1.06443190330242,39,0.0228228871168139,17,1.77087289137493,NA,35.4,5.3,3.8892115011927,NA,NA
496788,"Brandon Graham","PHI","DL",30,8,9,3.73851799242424,3.45,3.985,0.396110718723485,40,0.0738375946969692,18,0.535,NA,17.1,2.7,3.43405080938852,NA,NA
2550565,"Adarius Glanton","TB","LB",28,4,5,3.73675421669525,0,5.79994413168381,2.85873384930056,95,0.100394535781175,22,5.79994413168381,NA,NA,NA,NA,NA,NA
2495617,"Leon Hall","OAK","DB",34,11,7,3.72886145404664,3.46,3.8606975,0.346482322781408,111,0.0486277250201623,27,0.4006975,NA,112.3,27.1,6.64570700207581,NA,NA
2558163,"Alex Anzalone","NO","LB",24,1,6,3.7129561042524,1.905,4.59948625,2.32991684400967,96,0.160502459003617,22,2.69448625,NA,96,0.8,3.20283937930654,NA,NA
2557952,"Wayne Gallman","NYG","RB",24,1,9,3.7095633744856,2.4828,4.52914495412844,0.875964279515753,54,0.319419348176405,23,2.04634495412844,NA,60.7,2.2,5.13486964884061,NA,NA
2508107,"Jimmy Smith","BAL","DB",30,7,10,3.69713494936667,2.82,4.53368870870977,0.95260553564709,112,0.0613822837541016,27,1.71368870870977,NA,114,1,3.07345385165986,NA,NA
2560834,"Da'Ron Payne","WAS","DL",21,0,4,3.69710227272727,3.15,4.05251063829787,0.453114694913521,41,0.0890964059438959,19,0.902510638297872,NA,49.6,4.1,3.67913733574461,NA,NA
2558133,"Montae Nicholson","WAS","DB",23,1,4,3.66333250868628,0,5.57327322134387,2.76614701894928,113,0.0803422217131544,27,5.57327322134387,NA,NA,NA,NA,NA,NA
496796,"Jerry Hughes","BUF","DL",30,8,11,3.63225852272727,3.275,3.82477675840979,0.267755602398453,42,0.0566691756873876,20,0.549776758409786,NA,22.6,7,4.18681656891082,NA,NA
2556571,"Jonathan Jones","NE","DB",25,2,11,3.60817282253886,3.27712620027435,3.87789875,0.429041041105249,114,0.0672208912154644,28,0.600772549725652,NA,111,9,4.16839734604023,NA,NA
2535718,"Damon Harrison","DET","DL",30,6,6,3.58375321083948,2.85,4.20284403669725,0.865064673280797,43,0.0425404692193365,21,1.35284403669725,NA,40.3,13.7,5.35973065932929,NA,NA
2558049,"Michael Roberts","DET","TE",24,1,6,3.57657971721112,1.463,5.5942761627907,2.06643050169586,34,0.15235511885199,13,4.1312761627907,NA,32.1,3,7.64171183073511,NA,NA
2555240,"Matt Ioannidis","WAS","DL",24,2,4,3.56742548324029,2.445,4.48552375952851,1.07214487345941,44,0.0622431915736228,21,2.04052375952851,NA,49.7,14.1,5.42975538114532,NA,NA
2560947,"Kenny Young","BAL","LB",23,0,10,3.55976325757576,2.28,4.23436697247706,1.07807710375127,97,0.0226339494481853,22,1.95436697247706,NA,76.8,20.2,8.00093161738864,NA,NA
1037374,"Sam Shields","LAR","DB",31,8,12,3.5578077514074,2.35,4.19578723404255,0.864822213990378,115,0.0419984805878086,28,1.84578723404255,NA,150,10,4.30526528283777,NA,NA
2555160,"Antonio Morrison","GB","LB",NA,2,7,3.54514403292181,1.09,4.6145025,3.04763022691402,98,0.0189271768612045,22,3.5245025,NA,93.5,39.5,12.7742914212538,NA,NA
2543494,"Dee Ford","KC","LB",27,4,12,3.52911458333333,3.15,3.78252,0.384932490496984,99,0.0674550189393939,22,0.63252,NA,55.8,4.3,4.06847457689867,NA,NA
2552255,"Eric Rowe","NE","DB",26,3,11,3.52409611123939,2.15,4.83246893527668,1.41968481837568,116,0.0414951032526165,28,2.68246893527668,NA,154,9,4.16839734604023,NA,NA
2552494,"Eli Harold","DET","LB",NA,NA,6,3.52331912878788,1.24,5.58612,3.383096000844,100,0.148319128787878,22,4.34612,NA,93.3,33.8,11.3645426708895,NA,NA
2541695,"Brandon Copeland","NYJ","DL",NA,NA,11,3.515,3.515,3.515,NA,45,0.0223819449025817,22,0,NA,78,2.8,3.45155698984252,NA,NA
2543851,"Phillip Gaines","BUF","DB",27,4,11,3.50752243039979,1.85,4.9982463297572,1.63322184040686,117,0.0774892219750503,28,3.1482463297572,NA,89.7,8.8,4.14102375868072,NA,NA
2550646,"Denico Autry","IND","DL",NA,NA,9,3.49536458333333,3.35,3.61636170212766,0.1724754898373,46,0.0068930082299774,23,0.266361702127659,NA,NA,NA,NA,NA,NA
2532835,"Rhett Ellison","NYG","TE",30,6,9,3.49278010726475,2.12,4.27494893617021,0.882225716948688,35,0.154526679548067,14,2.15494893617021,NA,54.3,2.6,5.65142834066826,NA,NA
2505010,"Julius Peppers","CAR","DL",38,16,4,3.4898715268615,2.665,4.09313561370695,0.733680052111389,47,0.026198352632957,23,1.42813561370694,NA,43.2,2.9,3.46906317029653,NA,NA
2533026,"Derek Wolfe","DEN","DL",28,6,10,3.48707162334521,2.45,4.03104107848673,0.738984882999033,48,0.0473343554862353,23,1.58104107848673,NA,50.7,17.9,6.09499023839759,NA,NA
2558168,"Rasul Douglas","PHI","DB",25,1,9,3.45767958557376,0.63,4.96736,2.41864773963151,118,0.0686239540268065,29,4.33736,NA,NA,NA,NA,NA,NA
2557844,"Jonathan Allen","WAS","DL",23,1,4,3.44027472511188,2.05,4.29726660431959,1.15109175000179,49,0.00402235768764214,23,2.24726660431959,NA,39.7,5.1,3.85419914028468,NA,NA
2506314,"Cameron Wake","MIA","DL",36,9,11,3.43919981060606,2.725,3.85464,0.677335320368295,50,0.00751489175133013,23,1.12964,NA,31.4,5.7,3.95923622300873,NA,NA
2530474,"Mario Addison","CAR","DL",31,7,4,3.43330492424242,3.3,3.55165887081827,0.145333650887149,51,0.0253423144269256,24,0.251658870818274,NA,24.5,3.2,3.52158171165855,NA,NA
2555336,"Robert Nkemdiche","ARI","DL",24,2,9,3.43006491346704,1.7,4.41960997200264,1.11463548017212,52,0.0797901279249267,25,2.71960997200263,NA,46,3.7,3.60911261392859,NA,NA
2555331,"Cody Core","CIN","WR",24,2,9,3.41532423208191,0.393,5.59676744186047,2.38755327827631,87,0.0225038156562309,23,5.20376744186047,NA,107.6,10.1,8.21791692947505,NA,NA
2558877,"Zach Pascal","IND","WR",24,1,9,3.40564083285136,1.16,5.33064040697674,1.90552213830053,88,0.0469955378732996,23,4.17064040697674,NA,91.4,4.6,5.06947973815678,NA,NA
2507167,"Reggie Nelson","OAK","DB",35,11,7,3.40238683127572,1.46,4.354835,2.50315800540038,119,0.0341623994575384,29,2.894835,NA,101.3,41,8.54817132356169,NA,NA
2495485,"Robert Quinn","MIA","LB",28,7,11,3.4,3.4,3.4,NA,101,0.0999999999999996,22,0,NA,29.4,6.2,4.53839082702012,NA,NA
2560915,"Mark Walton","CIN","RB",21,0,9,3.39080809162375,2.17,4.42231564046895,0.950933732090306,55,0.0057232991099192,23,2.25231564046895,NA,57,2.8,5.51907850034648,NA,NA
2555464,"DeAndre Washington","OAK","RB",25,2,7,3.38947996099464,1.6324,4.27306770642202,0.982800259255297,56,0.0621465834284511,24,2.64066770642202,NA,60.1,4.5,6.3517285698056,NA,NA
2552493,"Arik Armstead","SF","DL",24,3,11,3.38586030616396,2.15,4.33138652563768,1.22619396559876,53,0.0763973169230354,25,2.18138652563768,NA,47.8,5.4,3.90671768164671,NA,NA
2555234,"Tyler Ervin","HOU","RB",25,2,10,3.38068962403302,0.698880485527544,5.82192672502334,2.71201482715967,57,0.182874236025964,24,5.1230462394958,NA,63.7,3.8,8.47879245935104,NA,NA
2555234,"Tyler Ervin","HOU","WR",25,2,10,3.38,3.38,3.38,NA,89,0.130703088963222,23,0,NA,63.7,3.8,4.6115252376014,NA,NA
2557961,"Quincy Wilson","IND","DB",22,1,9,3.37572443181818,1.8,5.03570642201835,2.42255315261004,120,0.0195549242424238,29,3.23570642201835,NA,NA,NA,NA,NA,NA
2495343,"Buster Skrine","NYJ","DB",29,7,11,3.36072443181818,2.605,4.00726605504587,0.92224377919627,121,0.00995924193190856,29,1.40226605504587,NA,NA,NA,NA,NA,NA
2560747,"Hayden Hurst","BAL","TE",25,0,10,3.3556690894535,1.795,4.65330275229358,1.61689759474002,36,0.0987059207492882,14,2.85830275229358,NA,34.2,3.9,7.21447175502072,NA,NA
2495507,"Richard Sherman","SF","DB",30,7,11,3.35161458333333,1.72,4.12562006079027,1.34476699966978,122,0.0342726889016061,29,2.40562006079027,NA,96.3,0.5,3.00501988326109,NA,NA
2552279,"ZaDarius Smith","BAL","LB",NA,NA,10,3.35,3.35,3.35,NA,102,0.102643330529534,23,0,NA,78.5,0.5,3.12864207665579,NA,NA
2543811,"Pierre Desir","IND","DB",28,4,9,3.34991579643921,2.85,3.72363419515429,0.514976861963875,123,0.0753240061584828,29,0.87363419515429,NA,97.3,3.9,3.47037086837274,NA,NA
2530700,"Dontrelle Inman","IND","WR",29,5,9,3.33729058995612,0,5.07711276595745,1.97185093363612,90,0.177001770325119,23,5.07711276595745,NA,112.3,7.6,6.78680911523947,NA,NA
497224,"Ed Dickson","SEA","TE",31,8,7,3.32083776597986,0,4.55795707335291,1.77385205303053,37,0.177370798666916,14,4.55795707335291,NA,39.7,8.7,8.95982504713746,NA,NA
2552483,"Malcom Brown","NE","DL",24,3,11,3.31468926492026,2.39,4.13272092038396,0.948601214071097,54,0.0147086922303687,25,1.74272092038396,NA,108.5,18.5,6.20002732112163,NA,NA
2532873,"Malik Jackson","JAC","DL",28,6,9,3.3042367135616,2.2,4.01081171477979,0.929574457745981,55,0.0310501605312918,25,1.81081171477979,NA,44.8,2.9,3.46906317029653,NA,NA
2555421,"Yannick Ngakoue","JAC","DL",23,2,9,3.29572443181818,2.545,3.67864220183486,0.627398927980613,56,0.0466027462121215,25,1.13364220183486,NA,19.8,3.5,3.57410025302057,NA,NA
2561008,"Ronnie Harrison","JAC","DB",21,0,9,3.28476799242424,1.705,4.16504,1.38036112444346,124,0.0694438434055522,29,2.46004,NA,119,11,4.44213321963532,NA,NA
2552382,"Malcolm Brown","LAR","RB",25,3,12,3.27397713109935,1.99602857142857,4.35216569767442,1.06038473137532,58,0.17765602873489,24,2.35613712624585,NA,56.5,2,5.30365812752834,NA,NA
2558119,"Josh Jones","GB","DB",23,1,7,3.26441558813722,0.87,4.78984,2.37460352765412,125,0.128157943749552,29,3.91984,NA,99.5,68.5,12.3120395854942,NA,NA
2539319,"Alex Okafor","NO","DL",27,5,6,3.25064867424242,3,3.5179726443769,0.39382370331515,57,0.0198153409090911,25,0.5179726443769,NA,44,12.5,5.14965649388121,NA,NA
2556641,"Romeo Okwara","DET","LB",23,2,6,3.25,3.25,3.25,NA,103,0.0252285578022611,24,0,NA,28.4,9.2,5.28036385352766,NA,NA
2561004,"Da'Shawn Hand","DET","DL",23,0,6,3.2475946969697,2.4,3.72085763257576,0.647407487646353,58,0.0381936553030298,25,1.32085763257576,NA,29.6,5,3.83669295983068,NA,NA
2533016,"Najee Goode","IND","LB",29,6,9,3.24471333894093,1.31,4.93616609613213,2.12197726875215,104,0.0672985662136605,25,3.62616609613213,NA,NA,NA,NA,NA,NA
2507617,"Michael Bennett","PHI","DL",33,9,9,3.21407196969697,3,3.36816,0.236083705401577,59,0.0144010416666669,25,0.36816,NA,40.4,5.5,3.92422386210071,NA,NA
2556363,"Kamu Grugier-Hill","PHI","LB",24,2,9,3.20482954545455,0.97,4.87153292631282,2.03601166938744,105,0.0798295454545452,25,3.90153292631282,NA,107.5,4.5,4.11793944533251,NA,NA
2532826,"Mike Daniels","GB","DL",29,6,7,3.20473011363636,3.055,3.28385321100917,0.12621999908781,60,0.0145762310606066,25,0.228853211009174,NA,45,6.1,4.02926094482476,NA,NA
2540142,"Sheldon Richardson","MIN","DL",28,5,10,3.19461174242424,2.41,3.61024,0.66777773756392,61,0.041879734848485,25,1.20024,NA,36.5,5.2,3.87170532073869,NA,NA
2559159,"Jason Croom","BUF","TE",48,1,11,3.19308857142857,2.3,4.26837209302326,1.41417227616654,38,0.115450953524628,14,1.96837209302326,NA,NA,NA,7.99969544802583,NA,NA
2552273,"Markus Golden","ARI","DL",NA,NA,9,3.18569602272727,3.15,3.21192660550459,0.0362926200197616,62,0.0674334174252076,25,0.0619266055045875,NA,35.6,5.8,3.97674240346273,NA,NA
2539932,"Jamar Taylor","ARI","DB",28,5,9,3.16623270990016,0.78,4.47469194664032,1.69624928336408,126,0.0624261742504557,29,3.69469194664032,NA,NA,NA,NA,NA,NA
2540145,"Cordarrelle Patterson","NE","WR",27,5,11,3.16130323211744,1.66871425113255,4.28646069086787,1.3662662341074,91,0.187455155800153,23,2.61774643973532,NA,73.1,5,5.29845698843447,NA,NA
2557960,"Ryan Switzer","PIT","WR",24,1,7,3.15927440714456,0.457078189300412,4.86457818930041,1.96673972299424,92,0.373193227232325,23,4.4075,NA,93.8,4.6,5.06947973815678,NA,NA
2552273,"Markus Golden","ARI","LB",NA,NA,9,3.15,3.15,3.15,NA,106,0.0500000000000003,25,0,NA,35.6,5.8,4.43946109015245,NA,NA
2560835,"Rashaad Penny","SEA","RB",22,0,7,3.12165364491476,0.993707142857143,4.31978723404255,1.26123331820368,59,0.0585541474885649,24,3.32608009118541,NA,49.1,2.6,5.86631209642255,NA,NA
2552489,"Eddie Goldman","CHI","DL",NA,NA,5,3.11976799242424,2.75,3.3746,0.388010053394852,63,0.0113893833342984,26,0.6246,NA,74.7,3.4,3.55659407256657,NA,NA
2553431,"Dante Fowler","JAC","DL",NA,NA,9,3.11675721817989,2.44,3.74223444001128,0.901985375449865,64,0.0171687408136325,26,1.30223444001128,NA,57.8,18,6.11249641885159,NA,NA
2560850,"D.J. Reed","SF","DB",22,0,11,3.10628257887517,1.45,4.30679939209726,2.59508188695463,127,0.0182878765452679,29,2.85679939209726,NA,123,9,4.16839734604023,NA,NA
2557995,"Marcus Maye","NYJ","DB",24,1,11,3.10133049242424,0,5.00577981651376,2.97314782476432,128,0.0390010363064608,29,5.00577981651376,NA,NA,NA,NA,NA,NA
2543503,"Trent Murphy","BUF","LB",28,4,11,3.1,3.1,3.1,Inf,107,0.0538570197042731,26,0,NA,58.5,0.5,3.12864207665579,NA,NA
2556714,"Eddie Yarbrough","BUF","LB",25,2,11,3.1,3.1,3.1,NA,107,0.152708174486468,27,0,NA,99,1,3.25230424774038,NA,NA
2561020,"Bradley Chubb","DEN","DL",22,0,10,3.1,3.1,3.1,Inf,65,0.0186852339852863,27,0,NA,51.8,4.6,3.76666823801465,NA,NA
496790,"Everson Griffen","MIN","DL",31,8,10,3.09917695473251,1.7,3.7852625,1.8031222920257,66,0.0751129209400396,28,2.0852625,NA,57.6,46.8,11.1542763896056,NA,NA
2552402,"Nick Boyle","BAL","TE",25,3,10,3.09384536319732,1.81,4.2256170212766,1.12758441409546,39,0.0340918182745225,14,2.4156170212766,NA,41.4,2.1,5.881881413678,NA,NA
2558062,"Gareon Conley","OAK","DB",23,1,7,3.07465891223556,1.68,4.72561174830604,1.8779530039896,129,0.038593571326472,29,3.04561174830604,NA,NA,NA,NA,NA,NA
2550542,"Kapri Bibbs","WAS","RB",25,4,4,3.07098855981417,0.72,4.162375,1.42121775938166,60,0.0419880555434435,24,3.442375,NA,59.7,5.1,7.25115807240988,NA,NA
2495116,"Allen Bailey","KC","DL",29,7,12,3.06345257729692,2.6,3.66322014398645,0.726841624962598,67,0.0855371806377532,28,1.06322014398645,NA,42,6.5,4.09928566664078,NA,NA
2541187,"Demetrius Harris","KC","TE",27,5,12,3.06142987261057,2.00032081911263,3.86309627329193,0.979603140760632,40,0.0170194556540015,15,1.8627754541793,NA,32.8,2.3,5.71119224813186,NA,NA
2541834,"Josh Hill","NO","TE",28,5,6,3.05807721723502,2.13,3.64331836560711,0.652625389895017,41,0.177256847218725,15,1.51331836560711,NA,38.3,3.6,5.60185183530062,NA,NA
2540269,"C.J. Anderson","CAR","RB",27,5,4,3.05521043503821,1.19,3.73926605504587,0.982040238848846,61,0.153692999550555,24,2.54926605504587,NA,57.8,2.9,5.60949694120542,NA,NA
2539237,"D.J. Hayden","JAC","DB",28,5,9,3.05,3.05,3.05,NA,130,0.0436260171156007,30,0,NA,NA,NA,NA,NA,NA
2555364,"Tyler Higbee","LAR","TE",25,2,12,3.03074361667812,1.99323867840652,3.78062849325777,1.04156829381706,42,0.302755070042175,15,1.78738981485125,NA,40.9,2.3,5.80880403739197,NA,NA
2506345,"Adam Jones","DEN","DB",35,13,10,3.02213068181818,1.58,4.24216,1.95400282117519,131,0.0489653868936277,30,2.66216,NA,NA,NA,NA,NA,NA
2552374,"Ameer Abdullah","DET","RB",25,3,6,3.00279057350324,0.6,4.4568128093612,1.49548924640027,62,0.253519453573786,24,3.8568128093612,NA,69.5,3.8,6.7542568454752,NA,NA
2558801,"Jordan Evans","CIN","LB",NA,1,9,2.99228596059145,0,5.38661425504179,3.24730319588999,109,0.105510591364645,28,5.38661425504179,NA,54.2,13.3,6.2943936564213,NA,NA
2555378,"Tavon Young","BAL","DB",24,2,10,2.99061728395062,2.95,3.02005775075988,0.0636396103067892,132,0.0651920438957476,30,0.0700577507598785,NA,116,29,6.90575608199114,NA,NA
2507784,"Michael Johnson","CIN","DL",31,9,9,2.98467549028802,2.15,3.66952,1.14055567223518,68,0.0289640939169056,28,1.51952,NA,117,23,6.98780544155195,NA,NA
2550312,"Kerry Wynn","NYG","DL",27,4,9,2.9711553030303,2.3,3.3086443768997,0.557755875003823,69,0.0332374672652449,28,1.0086443768997,NA,64.8,28.8,8.00316390788436,NA,NA
2532869,"George Iloka","MIN","DB",28,6,10,2.95571330589849,0.835,3.99560375,2.73296770928601,133,0.0649800257814763,30,3.16060375,NA,151.5,27.5,6.70045417679483,NA,NA
2560745,"Sam Hubbard","CIN","DL",NA,0,9,2.94026748971193,1.895,3.45281375,1.34703841816037,70,0.00745735713617712,28,1.55781375,NA,103,7,4.18681656891082,NA,NA
2542009,"Benson Mayowa","ARI","DL",27,5,9,2.93556818181818,2.29,3.4228,0.753194103913799,71,0.00825919069138425,28,1.1328,NA,40.5,14.1,5.42975538114532,NA,NA
2550433,"Kerry Hyder","DET","DL",NA,NA,6,2.93005208333333,2.79,3.01450759878419,0.124836565787938,72,0.00687641908013337,28,0.224507598784195,NA,NA,NA,NA,NA,NA
496841,"Corey Peters","ARI","DL",30,8,9,2.92456589892026,2.11,3.63774108025127,0.879528313833627,73,0.0104311186062365,28,1.52774108025127,NA,82.3,23.1,7.00531162200595,NA,NA
2541302,"Brandon Williams","BAL","DL",29,5,10,2.92178542958614,2.35,3.65755990612648,0.902579980594581,74,0.0185433640651795,28,1.30755990612648,NA,80,1.4,3.20647046348642,NA,NA
2558012,"Davon Godchaux","MIA","DL",24,1,11,2.90648413104191,1.4,4.12784043266516,1.3834652898115,75,0.0364651916479746,28,2.72784043266516,NA,81.3,13.9,5.39474302023731,NA,NA
2536032,"Emmanuel Lamur","OAK","LB",29,6,7,2.90229769043561,1,4.68618373270751,2.08749203781224,110,0.0888779444892132,28,3.68618373270751,NA,91.7,2.6,3.64802319521107,NA,NA
2552279,"ZaDarius Smith","BAL","DL",NA,NA,10,2.9,2.9,2.9,NA,76,0.0654767628205124,28,0,NA,78.5,0.5,3.04891483940036,NA,NA
2555540,"Derrick Kindred","CLE","DB",25,2,11,2.89513717421125,1.795,3.43458875,1.41774909627903,134,0.0144535418059175,30,1.63958875,NA,NA,NA,NA,NA,NA
2555177,"Mackensie Alexander","MIN","DB",25,2,10,2.88632938602278,1.7,3.66515654248911,0.96159836308103,135,0.0248735467660168,30,1.96515654248911,NA,140,3,3.34718972525495,NA,NA
2553710,"Deshazor Everett","WAS","DB",NA,NA,4,2.87503787878788,0.79,4.36856,2.28352519458008,136,0.0308506359895255,30,3.57856,NA,NA,NA,NA,NA,NA
2532431,"Craig Robertson","NO","LB",30,7,6,2.87125304801801,0.48,4.55472,2.70731657189607,111,0.189776698508597,28,4.07472,NA,81.5,31.5,10.7956966839004,NA,NA
2555355,"Clayton Fejedelem","CIN","DB",25,2,9,2.84787379972565,0.9,3.8030125,2.51022907321224,137,0.0229938271604939,30,2.9030125,NA,130.7,43.4,8.87665437187581,NA,NA
2558849,"Cameron Sutton","PIT","DB",23,1,7,2.84050068587106,2.525,2.99520625,0.406586399182265,138,0.0357373878265084,30,0.47020625,NA,137,5,3.62092559885004,NA,NA
2558018,"Solomon Thomas","SF","DL",23,1,11,2.84003787878788,1.75,3.69048,1.32770591547058,77,0.0363036845230242,28,1.94048,NA,59.2,16.9,5.91992843385752,NA,NA
2506931,"Kyle Williams","BUF","DL",34,12,11,2.8290085955711,2.3,3.27354371262795,0.570861613088874,78,0.080285843284075,28,0.973543712627952,NA,53.6,9.9,4.69449580207702,NA,NA
2560766,"Taron Johnson","BUF","DB",22,0,11,2.80925925925926,2.2,3.25086626139818,0.954594154601839,139,0.0405487732860417,30,1.05086626139818,NA,91,34,7.59009576597887,NA,NA
2553637,"Justin Coleman","SEA","DB",NA,NA,7,2.80026733682984,0,4.56108245694523,2.33022437564424,140,0.111579715947438,30,4.56108245694523,NA,100.3,27.1,6.64570700207581,NA,NA
2560711,"Chase Edmonds","ARI","RB",22,0,9,2.80024429747208,0.73,3.70959270516717,1.16370227260058,63,0.17231892285335,25,2.97959270516717,NA,60.4,2,5.45012013556094,NA,NA
2541966,"Jaron Brown","SEA","WR",28,5,7,2.78842174549,0.7,4.47885523255814,1.72938064470635,93,0.0320683735819611,23,3.77885523255814,NA,92.9,5.2,5.41294561357332,NA,NA
2495331,"Aldrick Robinson","MIN","WR",30,7,10,2.78374061433447,1.062,4.17762790697674,1.38837888401515,94,0.0581568679204114,23,3.11562790697674,NA,89.8,4.5,5.01223542558736,NA,NA
2555242,"Sheldon Rankins","NO","DL",24,2,6,2.77845979295861,1.45,3.66813302865613,1.11809041455839,79,0.0750417477569596,28,2.21813302865613,NA,70.3,10,4.71200198253103,NA,NA
2507644,"Ramon Humber","BUF","LB",31,9,11,2.75558644387479,0.73,4.21592,2.2466823130792,112,0.156321598851247,28,3.48592,NA,NA,NA,NA,NA,NA
2553353,"Darryl Roberts","NYJ","DB",NA,NA,11,2.7371536351166,0,4.72111398176292,4.28860262789641,141,0.149649365883407,30,4.72111398176292,NA,42,6.1,3.77148032932734,NA,NA
497238,"Jermaine Gresham","ARI","TE",30,8,9,2.73089712335446,1.89,4.1134347826087,1.09443004714915,43,0.0119356479430768,15,2.2234347826087,NA,45.8,2.1,5.82965436476765,NA,NA
2560920,"James Washington","PIT","WR",22,0,7,2.72896612948162,0.62,3.76900911854103,1.13478515303293,95,0.0135729075840856,23,3.14900911854103,NA,84.3,3.6,4.49703661246255,NA,NA
2552468,"Maxx Williams","BAL","TE",24,3,10,2.72507996991743,0.680840336134454,3.59720360104923,1.09130125055212,44,0.116808650113228,16,2.91636326491478,NA,45.4,1.9,5.7623045104176,NA,NA
2561018,"D.J. Chark","JAC","WR",22,0,9,2.7222013633465,1.38745471521942,4.15863253954064,1.42786059034485,96,0.0162564584220743,23,2.77117782432122,NA,87.6,3.6,4.49703661246255,NA,NA
2555388,"D.J. Reader","HOU","DL",24,2,10,2.71898571161543,1.85,3.35281855063859,0.834861758058051,80,0.0601528517669436,28,1.50281855063859,NA,115.5,9.5,4.62447108026099,NA,NA
2541199,"Luke Willson","DET","TE",28,5,6,2.71284298090534,1.99790923604937,2.99812590568142,0.457296079053452,45,0.214248570417303,16,1.00021666963205,NA,40.3,3,5.10689213923656,NA,NA
2495893,"Brandon Marshall","SEA","WR",34,12,7,2.70858508044856,1.9,3.34205,0.621914681706779,97,0.0134276727755953,23,1.44205,NA,86.3,2.9,4.09632642447659,NA,NA
2555209,"Chris Moore","BAL","WR",25,2,10,2.70330472940029,0.86,3.52063829787234,1.03011228804029,98,0.0803613636580911,23,2.66063829787234,NA,101.7,4.2,4.84050248787909,NA,NA
2560933,"Jordan Wilkins","IND","RB",24,0,9,2.69829794238683,1.4528,3.43150151975684,0.745918000091409,64,0.281731776092812,25,1.97870151975684,NA,57.1,3.6,5.59902717606086,NA,NA
2539306,"Wes Horton","CAR","DL",28,5,4,2.68785037878788,2.32,3.01768,0.539417617042914,81,0.0662851551826695,28,0.697680000000001,NA,60.3,13.9,5.39474302023731,NA,NA
2552597,"Breshad Perriman","CLE","WR",25,3,11,2.68701008594564,1.37,4.39284927588057,1.57823018442078,99,0.17868585386373,23,3.02284927588057,NA,102.5,3.1,4.21081504961543,NA,NA
2558060,"Malik Hooker","IND","DB",22,1,9,2.6402216066482,0,4.59259627329193,4.18607214462436,142,0.155673075405391,30,4.59259627329193,NA,NA,NA,NA,NA,NA
2555252,"Shaq Lawson","BUF","DL",24,2,11,2.62981534090909,2.165,2.9888,0.558275672983847,82,0.0350896059402444,29,0.8238,NA,71.5,22.6,6.91778071973592,NA,NA
2555239,"Javon Hargrave","PIT","DL",25,2,7,2.61331510630133,1.7,3.6779457933371,1.30387231767549,83,0.0381344416299232,29,1.9779457933371,NA,92.7,21.9,6.79523745655787,NA,NA
2556537,"Reggie Gilbert","GB","LB",48,2,7,2.60736625514403,2.13,2.8414425,0.615182899632296,113,0.0164724663619196,28,0.7114425,NA,NA,NA,NA,NA,NA
2543459,"Anthony Barr","MIN","LB",26,4,10,2.59116343490305,0,4.50726086956522,4.10829039869384,114,0.0208513635724574,28,4.50726086956522,NA,NA,NA,NA,NA,NA
2535613,"L.J. Fort","PIT","LB",28,6,7,2.59062414266118,1.485,3.13276625,1.42482016409089,115,0.0459082335702701,28,1.64776625,NA,NA,NA,NA,NA,NA
2552272,"Henry Anderson","NYJ","DL",27,3,11,2.57613636363636,2.32,2.73664,0.243991373576112,84,0.00652388078314026,29,0.416640000000001,NA,72.3,3.4,3.55659407256657,NA,NA
2495481,"Lawrence Guy","NE","DL",28,7,11,2.57422496570645,2.15,2.88171428571429,0.664680374315355,85,0.011433772524629,29,0.731714285714286,NA,86.7,1.7,3.25898900484844,NA,NA
2553722,"Matt Longacre","LAR","DL",NA,NA,12,2.565,2.565,2.565,NA,86,0.00746685606060593,30,0,NA,90,5,3.83669295983068,NA,NA
2495478,"Marcell Dareus","JAC","DL",29,7,9,2.56058238636364,2.33,2.79356056576402,0.280186793178603,87,0.00771457590867408,31,0.463560565764023,NA,49,10,4.71200198253103,NA,NA
2541944,"Russell Shepard","NYG","WR",28,5,9,2.55887664553876,1.504,3.69737021276596,0.935887012839548,100,0.171747116736672,24,2.19337021276596,NA,112.3,9.2,7.70271811635024,NA,NA
2560809,"Sony Michel","NE","RB",23,0,11,2.55755280685062,0,5.21479068322981,3.93520179274404,65,0.282872045489223,25,5.21479068322981,NA,68.6,8.9,12.5752003018091,NA,NA
2561037,"Marcus Davenport","NO","DL",22,0,6,2.55448390151515,2.465,2.61770642201835,0.0896020567525427,88,0.00855501151473526,31,0.152706422018349,NA,62.3,25.1,7.3554352310861,NA,NA
2543503,"Trent Murphy","BUF","DL",28,4,11,2.55125171939477,1.88,2.878265,0.862670273047588,89,0.0239127042432576,31,0.998265,NA,58.5,0.5,3.04891483940036,NA,NA
2552266,"Anthony Chickillo","PIT","LB",26,3,7,2.55,2.55,2.55,NA,116,0.0302840909090909,29,0,NA,94,8,4.98357464292464,NA,NA
2557901,"Carl Lawson","CIN","DL",23,1,9,2.54060606060606,1.41,3.44296,1.4181122485591,90,0.0314417613636366,31,2.03296,NA,91.3,6.1,4.02926094482476,NA,NA
2560964,"Genard Avery","CLE","LB",23,0,11,2.53943181818182,1.29,3.42779939209726,1.26074053842454,117,0.0421615849856591,30,2.13779939209726,NA,69,2.8,3.6974880636449,NA,NA
80668,"Captain Munnerlyn","CAR","DB",30,9,4,2.53478693181818,2.25,2.81760182370821,0.403790710056844,143,0.149404843164849,31,0.567601823708206,NA,144,10,4.30526528283777,NA,NA
2560740,"B.J. Hill","NYG","DL",23,0,9,2.51407196969697,1.8,3.01020183486239,0.703992480557231,91,0.0119436553030301,31,1.21020183486239,NA,62,19.1,6.30506440384567,NA,NA
2560748,"Maurice Hurst","OAK","DL",23,0,7,2.50425662878788,2.45,2.55609174311927,0.0727005360542903,92,0.0124493585546825,31,0.106091743119266,NA,55,7,4.18681656891082,NA,NA
2553451,"Neal Sterling","NYJ","TE",NA,NA,11,2.50369965870307,1.17,3.473625,1.07729338255575,46,0.0402537123788616,16,2.303625,NA,40.3,1.7,5.67781719134105,NA,NA
89758,"Clinton McDonald","OAK","DL",31,9,7,2.5,2.5,2.5,NA,93,0.0260486714862482,31,0,NA,NA,NA,NA,NA,NA
2557841,"Tim Williams","BAL","LB",25,1,10,2.5,2.5,2.5,NA,118,0.0337242798353907,30,0,NA,NA,NA,NA,NA,NA
2540159,"Kevin Minter","TB","LB",28,5,5,2.49454046639232,1.88,2.79588,0.791959594928933,119,0.0622750362420503,30,0.91588,NA,NA,NA,NA,NA,NA
2553667,"Matt LaCosse","DEN","TE",NA,NA,10,2.49348916227299,0.707,3.51474772036474,1.25483533055794,47,0.147243273285789,16,2.80774772036474,NA,47.8,2.6,6.23838874156964,NA,NA
2558017,"Vincent Taylor","MIA","DL",24,1,11,2.48361454046639,1.795,2.8861730058299,0.608916784228282,94,0.0419658665226712,31,1.0911730058299,NA,110,6,4.01175476437075,NA,NA
2556504,"Trevon Coley","CLE","DL",24,2,11,2.46428811656111,1.35,3.52127988248165,1.30994574285872,95,0.0495728001403704,31,2.17127988248165,NA,94.5,6.5,4.09928566664078,NA,NA
2535964,"Josh Bellamy","CHI","WR",29,6,5,2.45777181862506,0.687,3.69525531914894,1.59212982369015,101,0.174913864664512,24,3.00825531914894,NA,110.3,7.4,6.67232049010063,NA,NA
2541792,"Ray-Ray Armstrong","FA","LB",29,5,NA,2.4380109739369,1.39,2.9519025,1.35057395206631,120,0.0973836065126572,30,1.5619025,NA,NA,NA,NA,NA,NA
2553796,"Quinton Dunbar","WAS","DB",NA,NA,4,2.43431013066743,0,3.89672351670373,1.95217641421606,144,0.177183930393086,31,3.89672351670373,NA,49.8,21.7,5.90662014336906,NA,NA
2540928,"Darren Fells","CLE","TE",32,6,11,2.43340273037543,1.591,3.06630434782609,0.689251305632027,48,0.293505658085085,16,1.47530434782609,NA,50.6,4.2,5.846810981157,NA,NA
2543738,"Kareem Martin","NYG","LB",26,4,9,2.42651988636364,2.12,2.69723100303951,0.389455871550087,121,0.186652462121212,30,0.577231003039514,NA,82,5,4.2416016164171,NA,NA
2507590,"Steve McLendon","NYJ","DL",32,9,11,2.41900923132633,2.2,2.62337614678899,0.308655016649737,96,0.0206687957202702,32,0.423376146788991,NA,86.5,21,6.63768183247181,NA,NA
2557846,"Dalvin Tomlinson","NYG","DL",24,1,9,2.41042140151515,1.85,2.79411009174312,0.549116062588144,97,0.0255426954732512,32,0.94411009174312,NA,80,21.9,6.79523745655787,NA,NA
2543868,"Cassius Marsh","SF","DL",26,4,11,2.38625946969697,1.99,2.64176,0.387618623410262,98,0.0283859719884023,32,0.65176,NA,69,11.4,4.95708850888713,NA,NA
2556641,"Romeo Okwara","DET","DL",23,2,6,2.38349794238683,1.33,2.90008,1.35764501987817,99,0.0715297944725029,32,1.57008,NA,28.4,9.2,4.57195253889897,NA,NA
2507817,"Rafael Bush","BUF","DB",31,8,11,2.33645404663923,1.4,3.01522036474164,1.46724657096209,145,0.160585172714802,31,1.61522036474164,NA,149.5,7.5,3.96309544084391,NA,NA
2539288,"Dion Jordan","SEA","DL",28,5,7,2.3322490530303,1.25,3.18388,1.33281170571255,100,0.0447458672371872,32,1.93388,NA,NA,NA,NA,NA,NA
2555333,"Corey Coleman","NYG","WR",24,2,9,2.31648723897912,0,3.773065,1.76309998548454,102,0.104802253537871,24,3.773065,NA,112.5,2.5,3.86734917419889,NA,NA
2540176,"William Gholston","TB","DL",27,5,5,2.29168724279835,2.06,2.338035,0.240416305603426,101,0.0169642314347178,33,0.278035,NA,76.3,4.8,3.80168059892266,NA,NA
2495140,"Adrian Clayborn","NE","DL",30,7,11,2.28331912878788,1.5,2.93156,1.03052265235398,102,0.0177556818181817,33,1.43156,NA,70.3,32.4,8.63338640422861,NA,NA
2560949,"Josh Adams","PHI","RB",22,0,9,2.27557952573742,1.31,3.05414316109423,0.854810922519164,66,0.063009598673307,26,1.74414316109423,NA,62.9,3.2,5.56810423620251,NA,NA
2495471,"Jacquizz Rodgers","TB","RB",28,7,5,2.27378199698537,1.36588048552754,2.84218960244648,0.599982471364234,67,0.219292648072965,26,1.47630911691894,NA,65.9,3.4,5.29950601721258,NA,NA
2555265,"AShawn Robinson","DET","DL",23,2,6,2.26612689393939,1.5,2.93508256880734,0.915532979849136,103,0.0205610503179949,33,1.43508256880734,NA,83,30,8.21323807333244,NA,NA
2543650,"Aaron Lynch","CHI","DL",25,4,5,2.265,2.265,2.265,NA,104,0.0396439225409124,34,0,NA,88.5,1.5,3.22397664394043,NA,NA
2534820,"Garrett Celek","SF","TE",30,6,11,2.25908904759898,0.88,3.47279069767442,1.22040090337114,49,0.339902759468933,16,2.59279069767442,NA,53.5,1.8,5.9344606220192,NA,NA
2558121,"Elijah Lee","SF","LB",22,1,11,2.25473484848485,0.61,3.49512,1.9171055361494,122,0.0322348484848489,30,2.88512,NA,NA,NA,NA,NA,NA
2552470,"Sammie Coates","HOU","WR",25,3,10,2.24922866894198,0.88,3.69377608695652,1.47097360507796,103,0.115031591791494,24,2.81377608695652,NA,105.4,6.4,6.0998773644064,NA,NA
2558000,"Deatrich Wise","NE","DL",24,1,11,2.2261316872428,1.65,2.5086375,0.742462120245875,105,0.00855681691676891,35,0.8586375,NA,55.6,20.1,6.48012620838574,NA,NA
2553431,"Dante Fowler","JAC","LB",NA,NA,9,2.225,2.225,2.225,NA,123,0.0245706371191132,31,0,NA,57.8,18,7.45681806461645,NA,NA
2560905,"Kemoko Turay","IND","DL",23,0,9,2.22458046767538,2.01,2.3291175,0.275771644662754,106,0.0246627819446141,35,0.3191175,NA,81.7,2.6,3.41654462893451,NA,NA
2560905,"Kemoko Turay","IND","LB",23,0,9,2.22,2.22,2.22,NA,124,0.0491516030282049,32,0,NA,81.7,2.6,3.64802319521107,NA,NA
79583,"Ricky Jean Francois","DET","DL",32,9,6,2.21056927297668,2.1,2.29071276595745,0.173241161390704,107,0.023687170703953,35,0.190712765957447,NA,129.5,49.5,11.6269432618638,NA,NA
276,"Chris Long","PHI","DL",33,10,9,2.18926609848485,1.875,2.34739449541284,0.261941883991108,108,0.0171519886363636,35,0.472394495412844,NA,58.7,4,3.66163115529061,NA,NA
2555335,"Jonathan Bullard","CHI","DL",25,2,5,2.18449810606061,2,2.27708256880734,0.1537056398955,109,0.0268415540435218,35,0.27708256880734,NA,127,22,6.81274363701188,NA,NA
2555166,"Joe Schobert","CLE","LB",NA,2,11,2.18085872576177,0,3.79354658385093,3.45775216000222,125,0.0500830387216187,32,3.79354658385093,NA,NA,NA,NA,NA,NA
2543680,"Antone Exum","SF","DB",27,4,11,2.17779835390946,0.935,2.78720375,1.60159685938753,146,0.00388973648522262,32,1.85220375,NA,NA,NA,NA,NA,NA
2552656,"J.J. Nelson","ARI","WR",26,3,9,2.17414130194051,0.761414819425713,3.44543792866941,1.33272723264014,104,0.0907135593292776,24,2.6840231092437,NA,105.6,4.1,4.78325817530966,NA,NA
2550654,"KWaun Williams","SF","DB",NA,NA,11,2.17393939393939,0,3.55666055045872,2.08967423049663,147,0.001030944398976,33,3.55666055045872,NA,78,29,6.90575608199114,NA,NA
2539338,"B.W. Webb","NYG","DB",28,5,9,2.17387784090909,0,3.72217933130699,2.17051770620322,148,0.016717497429279,34,3.72217933130699,NA,80.5,31.5,7.24792592398501,NA,NA
2495613,"Corey Graham","PHI","DB",33,11,9,2.17193905817174,0,3.77803105590062,3.44361002437849,149,0.0469553768367907,34,3.77803105590062,NA,NA,NA,NA,NA,NA
2561015,"Lorenzo Carter","NYG","LB",23,0,9,2.16083806818182,1.71,2.4614,0.456512574797726,126,0.0884478075508164,32,0.7514,NA,115,17,7.20949372244727,NA,NA
2553764,"Xavier Williams","KC","DL",26,3,12,2.15973011363636,1.9,2.38821580547112,0.313855959310629,110,0.00887517146776418,35,0.488215805471125,NA,95.3,27.2,7.72306502062024,NA,NA
496881,"Al Woods","IND","DL",31,8,9,2.1555829903978,1.98,2.24168,0.226274169979695,111,0.0262953343497041,35,0.26168,NA,108,10,4.71200198253103,NA,NA
2561099,"Mike Boone","MIN","RB",48,0,10,2.15135785714286,0.12,3.30003058103976,1.5814783170816,68,0.314407175851276,26,3.18003058103976,NA,NA,NA,8.06918954003586,NA,NA
2506925,"Domata Peko","DEN","DL",34,12,10,2.14612689393939,2,2.26185410334346,0.157757527223813,112,0.0774918480983007,35,0.261854103343465,NA,95.5,0.5,3.04891483940036,NA,NA
2557931,"Cordrea Tankersley","MIA","DB",25,1,11,2.14238162878788,0.545,3.1068,1.47448484231654,150,0.0650707694226207,35,2.5618,NA,NA,NA,NA,NA,NA
2555312,"Noah Spence","TB","DL",NA,2,5,2.11244841815681,2,2.19441896024465,0.176776695296637,113,0.12503758139412,35,0.194418960244648,NA,NA,NA,NA,NA,NA
2559260,"Tre Sullivan","PHI","DB",48,1,9,2.10758573388203,0,3.6352188449848,3.30218866814118,151,0.0765334479049757,35,3.6352188449848,NA,NA,NA,NA,NA,NA
2550541,"Shaquil Barrett","DEN","LB",26,4,10,2.10071330589849,1.98,2.159905,0.155563491861041,127,0.0786796982167353,33,0.179905,NA,100.3,3.3,3.82115023472949,NA,NA
2561238,"Matthew McCrane","FA","K",48,0,NA,2.1,2.1,2.1,NA,29,NA,13,0,NA,NA,NA,NA,NA,NA
497302,"Brandon LaFell","OAK","WR",32,8,7,2.09425285236046,0,4.05081449901061,1.81539104355291,105,0.0642961067801617,24,4.05081449901061,NA,99.1,7.9,6.95854205294775,NA,NA
2543836,"T.J. Jones","DET","WR",26,4,6,2.07260263286202,0.9,2.57306956521739,0.619390749941931,106,0.104639489095563,25,1.67306956521739,NA,100.8,4.8,5.18396836329563,NA,NA
2560851,"Justin Reid","HOU","DB",21,0,10,2.04703598484849,0,3.30234042553192,1.56174909584606,152,0.0328776382653699,35,3.30234042553192,NA,36.5,6.8,3.86728788508563,NA,NA
2558982,"Hardy Nickerson","CIN","LB",24,1,9,2.04406721536351,1.125,2.49473125,1.18440385848747,128,0.0475102880658436,33,1.36973125,NA,114.5,12.5,6.09653418268595,NA,NA
2560881,"Breeland Speaks","KC","DL",23,0,12,2.02482167352538,2,2.04281306990881,0.0388908729652602,114,0.0935316813147566,36,0.0428130699088145,NA,65.7,31.6,8.49333696059655,NA,NA
2495187,"Lance Kendricks","GB","TE",30,7,7,2.0207050969817,0.98,2.65890825688073,0.632099218681099,50,0.208282552724457,17,1.67890825688073,NA,48.6,1.9,5.03893775100706,NA,NA
2555156,"Jayron Kearse","MIN","DB",24,2,10,2.01506858710562,0,3.47564285714286,3.15723177799793,153,0.0460405560231949,35,3.47564285714286,NA,NA,NA,NA,NA,NA
2555568,"Erik Harris","OAK","DB",28,3,7,2.01324810606061,0,3.72838532110092,2.3385410672061,154,0.205548199978177,35,3.72838532110092,NA,125,14,4.85273703002796,NA,NA
2560881,"Breeland Speaks","KC","LB",23,0,12,2,2,2,NA,129,0.00870822421748341,34,0,NA,65.7,31.6,10.8204291181173,NA,NA
2495201,"Pernell McPhee","WAS","LB",30,7,4,1.99311385459534,1.62,2.17607,0.480832611206852,130,0.0194822258074572,34,0.55607,NA,101,8,4.98357464292464,NA,NA
2552320,"Ramik Wilson","LAR","LB",26,3,12,1.9894696969697,1.08,2.44192,0.75929206166433,131,0.140572916666667,34,1.36192,NA,NA,NA,NA,NA,NA
2555478,"Demarcus Robinson","KC","WR",NA,2,12,1.98731085829857,0.898,2.64973837209302,0.688104770577541,107,0.0990718906341082,25,1.75173837209302,NA,89.6,4.3,4.89774680044851,NA,NA
2557924,"Jalen Reeves-Maybin","DET","LB",23,1,6,1.95779356060606,1.39,2.43584,0.763847149723312,132,0.221366003787879,34,1.04584,NA,NA,NA,NA,NA,NA
2495470,"Stevan Ridley","PIT","RB",29,7,7,1.95762084068195,0.906471046443269,2.78113051488181,0.804678060178075,69,0.249198760213415,27,1.87465946843854,NA,65.5,1.7,4.80220425472836,NA,NA
2539285,"Stacy McGee","WAS","DL",28,5,4,1.95,1.95,1.95,NA,115,0.0407625646075616,36,0,NA,NA,NA,NA,NA,NA
2555215,"Leonte Carroo","MIA","WR",24,2,11,1.94861542923434,0.917,2.89345348837209,1.08329247020578,108,0.204138101101721,25,1.97645348837209,NA,105.9,5.6,5.64192286385101,NA,NA
2535693,"Johnson Bademosi","HOU","DB",28,6,10,1.92480795610425,0,3.31995896656535,3.01581042176062,155,0.238659755346676,35,3.31995896656535,NA,NA,NA,NA,NA,NA
2540201,"Akeem Spence","MIA","DL",27,5,11,1.91257998442124,0,3.1282752293578,1.83569989089295,116,0.0168170405535519,36,3.1282752293578,NA,97.7,8.7,4.48442163662894,NA,NA
2560909,"Vita Vea","TB","DL",23,0,5,1.90589488636364,1.3,2.3322,0.650770674577884,117,0.0271513553747349,37,1.0322,NA,NA,NA,NA,NA,NA
2555270,"Carl Nassib","TB","DL",25,2,5,1.88563100137174,1.625,2.01343125,0.33587572106361,118,0.0216205847050752,37,0.38843125,NA,55.3,5.6,3.94173004255472,NA,NA
496760,"Tyson Alualu","PIT","DL",31,8,7,1.87185606060606,1.49,2.19144,0.509594784108049,119,0.0190506628787879,37,0.70144,NA,121.5,28.5,7.95064536652233,NA,NA
2555529,"Stephen Weatherly","MIN","DL",24,2,10,1.85616477272727,0,3.33410334346505,2.01392647886932,120,0.0155261235035542,37,3.33410334346505,NA,26.8,8.3,4.41439691481291,NA,NA
2539329,"Star Lotulelei","BUF","DL",29,5,11,1.84944602272727,0.89,2.55796,1.09104499391148,121,0.0278130553217362,37,1.66796,NA,137,2,3.31150754621047,NA,NA
2555235,"Adolphus Washington","CIN","DL",NA,2,9,1.83183127572016,1.445,2.02151375,0.498510280736516,122,0.0215128457620553,37,0.57651375,NA,NA,NA,NA,NA,NA
2552424,"Phillip Dorsett","NE","WR",25,3,11,1.82786250609459,0.861,2.57059327217125,0.855562531019204,109,0.263172111165285,25,1.70959327217125,NA,82,9.2,7.70271811635024,NA,NA
2553744,"Eric Tomlinson","NYJ","TE",NA,NA,11,1.8176674792784,0.59,2.74343260869565,0.853858593240326,51,0.0369679969421721,17,2.15343260869565,NA,51.6,2.7,5.63795306689552,NA,NA
2552492,"Jordan Phillips","BUF","DL",26,3,11,1.81143465909091,1.65,1.90092705167173,0.138079797825825,123,0.00416209091419439,37,0.250927051671733,NA,NA,NA,NA,NA,NA
2506908,"Frostee Rucker","OAK","DL",35,12,7,1.80920220082531,1.27,2.071885,0.692964645562816,124,0.00515999442488546,37,0.801885,NA,NA,NA,NA,NA,NA
2552478,"Blake Bell","JAC","TE",27,3,9,1.80717760923608,0,3.45549689440994,1.33653364556527,52,0.0640250007524186,17,3.45549689440994,NA,57,2.8,6.42950672841102,NA,NA
496822,"Earl Mitchell","SF","DL",31,8,11,1.80534293552812,1.6,1.95418085106383,0.321733585439879,125,0.0199333711341809,37,0.35418085106383,NA,116.5,13.5,5.32471829842128,NA,NA
2555514,"Hassan Ridgeway","IND","DL",NA,2,9,1.80274147727273,1.555,2.07394495412844,0.409474688751306,126,0.0376065340909091,37,0.51894495412844,NA,NA,NA,NA,NA,NA
2552325,"Danny Shelton","NE","DL",25,3,11,1.76807765151515,1.41,2.0416,0.424119791431865,127,0.00591619318181835,37,0.6316,NA,108,24,7.16286724609202,NA,NA
2543765,"Brent Urban","BAL","DL",27,4,10,1.76219223484848,1.46,1.89868,0.248470081525866,128,0.000239109848485075,37,0.43868,NA,91,29.9,8.19573189287843,NA,NA
2555274,"Dean Lowry","GB","DL",NA,2,7,1.76213068181818,0,3.02297872340426,1.76389820252081,129,0.0166382575757573,37,3.02297872340426,NA,49.3,26.6,7.6180279378962,NA,NA
2553433,"Mario Edwards","NYG","DL",NA,NA,9,1.76177556818182,0.86,2.45004,1.0681791140674,130,0.097170928030303,37,1.59004,NA,147.5,5.5,3.92422386210071,NA,NA
2560757,"Lamar Jackson","BAL","QB",21,0,10,1.76010570252792,1.3106,2.24160128960436,0.396511192955443,29,0.167396357693627,17,0.931001289604363,NA,29.1,0.4,4.39744528193089,NA,NA
2557885,"Jordan Leggett","NYJ","TE",23,1,11,1.75422135543637,0.34,2.96359011627907,1.16399271451768,53,0.0452021347788261,17,2.62359011627907,NA,46.9,2.6,6.09528717794269,NA,NA
2560986,"Jason Cabinda","OAK","LB",48,0,7,1.74,1.74,1.74,NA,133,0.0120667613636363,34,0,NA,NA,NA,NA,NA,NA
2555307,"Devante Bond","TB","LB",25,2,5,1.73285511363636,0,3.01934042553191,1.77532495352506,134,0.0623885264683879,34,3.01934042553191,NA,103,12,5.97287201160136,NA,NA
2556365,"Seth DeValve","CLE","TE",25,2,11,1.73208386153096,0.814,2.90294130434783,1.01738269150756,54,0.14772748826493,17,2.08894130434783,NA,64.4,4.1,6.33249562653781,NA,NA
2533435,"Dontari Poe","CAR","DL",28,6,4,1.72920928030303,1.17,2.00908,0.466454311198264,132,0.173276515151515,37,0.83908,NA,128.5,16.5,5.84990371204149,NA,NA
2555171,"Tyler Matakevich","PIT","LB",26,2,7,1.72301136363636,0.47,2.78984,1.71133916662222,135,0.139050458286569,35,2.31984,NA,NA,NA,NA,NA,NA
2561324,"Gus Edwards","BAL","RB",23,0,10,1.71628052190121,0.53,2.57323920972644,1.19090322943678,70,0.0529340163906791,27,2.04323920972644,NA,70.8,3.3,6.09086777725444,NA,NA
2558138,"Samaje Perine","WAS","RB",23,1,4,1.70056363903586,0.0595928571428571,3.66393577981651,2.8680461382723,71,0.100739322842951,27,3.60434292267366,NA,75.7,3.1,8.37572605291292,NA,NA
2560930,"Jordan Whitehead","TB","DB",21,0,5,1.69059185606061,0,2.84555963302752,1.65510740547735,156,0.0518986742424241,36,2.84555963302752,NA,72.7,32.6,7.39848065446231,NA,NA
2543767,"Logan Thomas","BUF","TE",27,4,11,1.68595457978413,0.841946778711485,2.37041590214067,0.726032357823128,55,0.217460186805098,18,1.52846912342919,NA,52.2,3.2,5.59264524601033,NA,NA
2561039,"Carlton Davis","TB","DB",22,0,5,1.68170454545455,0,3.04288073394495,1.85094222855898,157,0.0989736776291108,36,3.04288073394495,NA,78,27.7,6.72782776415433,NA,NA
2550198,"Bennie Fowler","NYG","WR",27,4,9,1.66109215017065,0.85,2.4033535,0.697456810716253,111,0.205965662974132,26,1.5533535,NA,109.4,12.2,9.42004749343294,NA,NA
2558954,"Taysom Hill","NO","QB",28,1,6,1.63851507374702,0.044,2.48322018057948,1.0336571367836,30,0.332208952499377,17,2.43922018057948,NA,29.9,0.3,5.50145771150683,NA,NA
2508101,"James Develin","NE","RB",30,8,11,1.6261293719852,0.284467787114846,2.56479510703364,1.03225043041743,72,0.058254919746866,28,2.28032731991879,NA,74.8,3.2,5.8196408709588,NA,NA
2531080,"Ben Jacobs","CAR","LB",30,7,4,1.61792181069959,0,2.79063373860182,2.53497781055377,136,0.0916126250935276,35,2.79063373860182,NA,NA,NA,NA,NA,NA
2552438,"David Parry","MIN","DL",NA,NA,10,1.6,1.6,1.6,Inf,133,0.103018465909091,38,0,NA,NA,NA,NA,NA,NA
2557955,"Teez Tabor","DET","DB",22,1,6,1.59568181818182,0.88,1.97344,0.609022706378207,158,0.035791859447293,37,1.09344,NA,133.5,18.5,5.46864274561691,NA,NA
2558990,"Patrick Ricard","BAL","RB",24,1,10,1.57351926040062,0.917,1.96139235474006,0.921360135886071,73,0.0474044383625862,29,1.04439235474006,NA,NA,NA,6.197634464099,NA,NA
79901,"Vontae Davis","BUF","DB",30,9,11,1.56977991746905,0,2.71408868501529,2.46780266634105,159,0.0640803289916845,37,2.71408868501529,NA,NA,NA,NA,NA,NA
2556803,"C.J. Ham","MIN","RB",25,2,10,1.56222964407606,0.88,2.31153191489362,0.752694514064759,74,0.201311497748703,30,1.43153191489362,NA,70.3,2.4,5.05276782778874,NA,NA
2558165,"Tarell Basham","NYJ","LB",24,1,11,1.55,1.55,1.55,Inf,137,0.0920785984848485,35,0,NA,NA,NA,NA,NA,NA
2543739,"Dontae Johnson","BUF","DB",27,4,11,1.55,1.55,1.55,NA,160,0.120366941015089,37,0,NA,NA,NA,NA,NA,NA
2555387,"Cody Kessler","JAC","QB",25,2,9,1.54690361592157,0,3.19016714278878,1.40032782271099,31,0.486005032251662,18,3.19016714278878,NA,30.8,0.4,6.2558203643991,NA,NA
2557884,"Jordan Willis","CIN","DL",23,1,9,1.51186553030303,1.21,1.75216,0.377342474507063,134,0.0437968711030055,38,0.54216,NA,102,1,3.1364457416704,NA,NA
2555168,"Kentrell Brothers","MIN","LB",NA,2,10,1.50261837121212,0,3.15814893617021,2.47683879223385,138,0.104337121212121,35,3.15814893617021,NA,NA,NA,NA,NA,NA
2550647,"Kasim Edebali","FA","RB",29,4,NA,1.49,1.49,1.49,NA,75,0.298381793796886,31,0,NA,NA,NA,NA,NA,NA
2555306,"David Morgan","MIN","TE",25,2,10,1.48275816674793,0.51,2.19185434782609,0.783483287753066,56,0.032266455387616,18,1.68185434782609,NA,54.8,1,4.99651318302785,NA,NA
2532801,"Andre Branch","MIA","DL",29,6,11,1.48209753787879,0,2.58315596330275,1.51797765859928,135,0.0403519960406535,38,2.58315596330275,NA,68,9.3,4.58945871935298,NA,NA
2540151,"Justin Hunter","PIT","WR",27,5,7,1.46828863968796,0.5,2.0711829787234,0.639802065603934,112,0.0516692913609413,26,1.5711829787234,NA,113.4,6.9,6.38609892725351,NA,NA
2507917,"Tramaine Brock","DEN","DB",30,8,10,1.46139917695473,1.15,1.6871094224924,0.487903679018718,161,0.137459557757091,37,0.537109422492402,NA,149.5,2.5,3.27875575685618,NA,NA
2534241,"Derek Carrier","OAK","TE",28,6,7,1.45423061921014,1.03,1.96166569767442,0.563898874483068,57,0.092826166558428,19,0.931665697674419,NA,60,3.8,5.52450485738306,NA,NA
2560983,"Taven Bryan","JAC","DL",NA,0,9,1.45403978052126,1.155,1.60067375,0.385373195746668,136,0.03114178045891,38,0.44567375,NA,150.5,10.5,4.79953288480107,NA,NA
2558956,"Jacob Hollister","NE","TE",25,1,11,1.44675280351048,0.45,2.762992,1.43677363286931,58,0.23309920410109,19,2.312992,NA,67,3.7,6.86830689061141,NA,NA
2560985,"Deontay Burnett","NYJ","WR",21,0,11,1.44196433470508,0.45,2.16096595744681,1.55422070504803,113,0.115156137887168,27,1.71096595744681,NA,NA,NA,NA,NA,NA
2539231,"John Jenkins","NYG","DL",29,5,9,1.42945130315501,1.1,1.6682462006079,0.51618795026618,137,0.0215190095398428,38,0.568246200607903,NA,NA,NA,NA,NA,NA
2555502,"Adam Gotsis","DEN","DL",26,2,10,1.4163446969697,0,2.28354128440367,1.35773839707547,138,0.0239024959934397,38,2.28354128440367,NA,102.3,21,6.63768183247181,NA,NA
2560758,"Leon Jacobs","JAC","LB",NA,0,9,1.41322443181818,0,2.55983890577508,1.56145521368563,139,0.0542445311523074,35,2.55983890577508,NA,114,10,5.478223327263,NA,NA
2553437,"Rodney Gunter","ARI","DL",NA,NA,9,1.39951989026063,0.7,1.90655015197568,1.09601551083915,139,0.0201984025902715,38,1.20655015197568,NA,120,2,3.31150754621047,NA,NA
2555315,"Miles Killebrew","DET","DB",NA,2,6,1.39786694101509,0.305,1.73197375,1.23390133317053,162,0.17537110869363,38,1.42697375,NA,NA,NA,NA,NA,NA
2540279,"Nick Williams","LAR","WR",28,5,12,1.39127436194896,0,2.97996838905775,1.71970587472196,114,0.129522663630107,27,2.97996838905775,NA,NA,NA,NA,NA,NA
2556880,"Branden Jackson","SEA","DL",26,2,7,1.38536451169188,0,2.39524159021407,2.17788888605457,140,0.0212252798674673,38,2.39524159021407,NA,NA,NA,NA,NA,NA
2552684,"Mark Nzeocha","SF","LB",28,3,11,1.38333806818182,0,2.73183282674772,1.91122451764475,140,0.076214228122004,35,2.73183282674772,NA,NA,NA,NA,NA,NA
2557943,"Trey Hendrickson","NO","DL",24,1,6,1.37327846364883,1.28,1.4190175,0.120208152801713,141,0.0289105659215614,39,0.1390175,NA,NA,NA,NA,NA,NA
2552266,"Anthony Chickillo","PIT","DL",26,3,7,1.355,1.355,1.355,NA,142,0.0217496958494854,40,0,NA,94,8,4.36187837345089,NA,NA
2543650,"Aaron Lynch","CHI","LB",25,4,5,1.33462173314993,1.01,1.4927675,0.417193000900063,141,0.0648087596650828,35,0.4827675,NA,88.5,1.5,3.37596641882497,NA,NA
2506879,"Haloti Ngata","PHI","DL",34,12,9,1.33373579545455,0.76,1.7379726443769,0.574188166851548,143,0.0171900367585762,41,0.9779726443769,NA,NA,NA,NA,NA,NA
2556650,"Michael Pierce","BAL","DL",26,2,10,1.33276481284648,0,2.24741641337386,1.30752409261798,144,0.0429423696646658,41,2.24741641337386,NA,96,34,8.91348529149272,NA,NA
2552602,"Christian Covington","HOU","DL",25,3,10,1.30032670454545,0,2.17574772036474,1.26662597765571,145,0.0210585601384212,41,2.17574772036474,NA,NA,NA,NA,NA,NA
2561155,"Zaire Franklin","IND","LB",22,0,9,1.2796259469697,0,2.36616513761468,1.48088723501437,142,0.0256993351727148,35,2.36616513761468,NA,110.5,14.5,6.59118286702432,NA,NA
2555267,"Andrew Billings","CIN","DL",23,2,9,1.27931818181818,0,2.13082568807339,1.2415243066753,146,0.0147091283202394,41,2.13082568807339,NA,96,19.1,6.30506440384567,NA,NA
2558165,"Tarell Basham","NYJ","DL",24,1,11,1.27921810699588,0.95,1.44065,0.424264068711929,147,0.0367009602194788,41,0.49065,NA,NA,NA,NA,NA,NA
2560894,"Ian Thomas","CAR","TE",22,0,4,1.27605610179294,0.55,2.11649418604651,0.906450379254467,59,0.132706729762871,19,1.56649418604651,NA,57,5.3,6.53227433276175,NA,NA
2561427,"Vyncint Smith","HOU","WR",48,0,10,1.26234203168686,0,2.77428237082067,2.32919030119515,115,0.0302113735897922,27,2.77428237082067,NA,NA,NA,NA,NA,NA
2558928,"Austin Carr","NO","WR",25,1,6,1.26116136495084,0.7,1.628222,0.425657499247649,116,0.105264729163418,28,0.928222,NA,104,4.7,5.1267240507262,NA,NA
2558040,"Derek Rivers","NE","LB",24,1,11,1.26,1.26,1.26,NA,143,0.0933813443072704,36,0,NA,120.5,49.5,15.2475348429456,NA,NA
2553536,"Troy Hill","LAR","DB",NA,NA,12,1.25001229738019,0,2.29709167241776,1.42365501275411,163,0.058794965880882,38,2.29709167241776,NA,80.5,36.5,7.93226560797274,NA,NA
2540147,"Johnathan Hankins","OAK","DL",26,5,7,1.25,1.25,1.25,NA,148,0.0386591220850481,42,0,NA,69.7,12.6,5.16716267433521,NA,NA
2560779,"Arden Key","OAK","LB",22,0,7,1.24785322359396,0,2.15232978723404,1.9551502499808,144,0.180161179698217,37,2.15232978723404,NA,49,12.3,6.04706931425212,NA,NA
2543717,"Jeremiah Attaochu","NYJ","DL",25,4,11,1.23503429355281,1.05,1.36915197568389,0.289913780286484,149,0.0542298196357243,42,0.319151975683891,NA,98,8,4.36187837345089,NA,NA
2560898,"Roc Thomas","MIN","RB",23,0,10,1.23183629265471,0,2.56438448328268,1.23074263671487,76,0.114465443054884,32,2.56438448328268,NA,68.2,2.9,5.96205520151636,NA,NA
2532933,"Brian Quick","WAS","WR",29,6,4,1.2030999512433,0,2.51219782608696,1.4364123940753,117,0.106007313505607,28,2.51219782608696,NA,101.5,5.6,5.64192286385101,NA,NA
2541202,"Marcus Cooper","CHI","DB",28,5,5,1.19497936726272,1.15,1.22776758409786,0.0707106781186548,164,0.0165199449793676,38,0.0777675840978593,NA,NA,NA,NA,NA,NA
2550559,"Brandon Dunn","HOU","DL",26,4,10,1.18764746227709,1.05,1.2874179331307,0.215667568261897,150,0.0365377757399767,42,0.237417933130699,NA,150.5,12.5,5.14965649388121,NA,NA
2495310,"Byron Maxwell","SEA","DB",30,7,7,1.1874552957359,0,2.05306422018349,1.86676190233249,165,0.0199423141874362,38,2.05306422018349,NA,NA,NA,NA,NA,NA
2560779,"Arden Key","OAK","DL",22,0,7,1.17396148555708,0,2.02973394495413,1.84554869889689,151,0.0874491398780712,42,2.02973394495413,NA,49,12.3,5.11464413297319,NA,NA
2555174,"Harlan Miller","ARI","DB",24,2,9,1.16946354883081,0,2.02195718654434,1.83847763108502,166,0.0045012717389048,38,2.02195718654434,NA,NA,NA,NA,NA,NA
2552605,"Ibraheim Campbell","NYJ","DB",NA,NA,11,1.16556241426612,0.455,1.51398625,0.915703281636579,167,0.00539647498127294,38,1.05898625,NA,NA,NA,NA,NA,NA
2541243,"Duron Harmon","NE","DB",27,5,11,1.1643621399177,0,2.00832218844985,1.82433549546129,168,0.0312743899332619,38,2.00832218844985,NA,143,7,3.89466147244514,NA,NA
2543571,"Bashaud Breeland","GB","DB",26,4,7,1.15596973865199,0,1.99862691131498,1.81726442764943,169,0.0468922352226393,38,1.99862691131498,NA,NA,NA,NA,NA,NA
2495340,"Anthony Sherman","KC","RB",30,7,12,1.15140011975152,0,2.14222093023256,1.28866320341819,77,0.155960307742762,32,2.14222093023256,NA,71.5,2.6,5.9051964525636,NA,NA
2540200,"Dion Sims","CHI","TE",27,5,5,1.15125109702584,0.23,1.82414220183486,0.725872504742303,60,0.0709492627822139,20,1.59414220183486,NA,60.3,2.3,5.31149822414873,NA,NA
2559385,"Dan Arnold","NO","TE",48,1,6,1.1354476470343,0.61,1.55347064966992,0.569654067946059,61,0.123199269867738,20,0.943470649669918,NA,NA,NA,5.33900861676529,NA,NA
2555358,"Quinton Jefferson","SEA","DL",NA,2,7,1.12825788751715,0,1.94604863221885,1.76776695296637,152,0.0913888888888887,42,1.94604863221885,NA,80.7,19.3,6.34007676475369,NA,NA
2556278,"Will Parks","DEN","DB",24,2,10,1.11020576131687,0,1.91491185410334,1.73948268171891,170,0.0116629305945477,38,1.91491185410334,NA,89.3,46.4,9.28725818226844,NA,NA
2532841,"Michael Floyd","WAS","WR",29,6,4,1.10869332033155,0.41,1.41217173913043,0.374359800164732,118,0.0443043320069412,29,1.00217173913043,NA,98,5.1,5.3557013010039,NA,NA
2508004,"Anthony Levine","BAL","DB",31,7,10,1.10794924554184,0,1.91101975683891,1.73594714781297,171,0.074845372295508,38,1.91101975683891,NA,161,4,3.4840576620525,NA,NA
2508007,"Marcus Sherels","MIN","DB",31,8,10,1.08913641590281,0.3,1.96626129131202,1.30309704890492,172,0.116578116863031,38,1.66626129131202,NA,NA,NA,NA,NA,NA
2495159,"Dwayne Harris","OAK","WR",31,7,7,1.08549195514383,0,2.23491279069767,1.14099025650634,120,0.0460883891569046,29,2.23491279069767,NA,109.5,4.3,4.89774680044851,NA,NA
2555340,"Kyler Fackrell","GB","LB",27,2,7,1.0853840877915,0,1.87209878419453,1.70059180875365,145,0.0780642660354198,37,1.87209878419453,NA,83,2.2,3.5490934583434,NA,NA
2557934,"Elijah McGuire","NYJ","RB",24,1,11,1.08334157944814,0,2.38185838509317,2.00146487813919,78,0.214626152970386,32,2.38185838509317,NA,NA,NA,9.2599278086729,NA,NA
2506581,"Ryan Fitzpatrick","TB","QB",36,13,5,1.06570862657372,0,2.19126578504608,1.84197835368927,32,0.107051741913831,19,2.19126578504608,NA,33.3,1.1,7.60224467074227,NA,NA
2495240,"Tyrod Taylor","CLE","QB",29,7,11,1.0560885407661,0,2.30682958377658,1.70246580206818,33,0.229221485666458,19,2.30682958377658,NA,33.5,0.5,6.89071301615828,NA,NA
2543717,"Jeremiah Attaochu","NYJ","LB",25,4,11,1.05,1.05,1.05,NA,146,0.117680178243925,37,0,NA,98,8,4.98357464292464,NA,NA
2552329,"Tyeler Davison","NO","DL",26,3,6,1.04476680384088,0,1.80204103343465,1.63695219844686,153,0.0180521262002746,42,1.80204103343465,NA,110.5,15.5,5.67484190750142,NA,NA
2560814,"J'Mon Moore","GB","WR",23,0,7,1.04328602150538,0,2.1507298136646,1.42785681276611,121,0.0277743963709944,29,2.1507298136646,NA,NA,NA,NA,NA,NA
2560883,"Equanimeous St. Brown","GB","WR",22,0,7,1.03552111046848,0,1.802054,0.809193145781544,122,0.0486472968860256,29,1.802054,NA,106,6.7,6.27161030211467,NA,NA
2552674,"Rakeem Nunez-Roches","TB","DL",25,3,5,1.02897119341564,0,1.77479635258359,1.61220346110533,154,0.00657876021012593,42,1.77479635258359,NA,NA,NA,NA,NA,NA
2540203,"Levine Toilolo","DET","TE",27,5,6,1.02515602145295,0.2,1.96742608695652,0.984127274375795,62,0.0319874471275539,20,1.76742608695652,NA,57.8,2.5,5.78074013373402,NA,NA
2560821,"Bilal Nichols","CHI","DL",22,0,5,1.02445816186557,0,1.76701215805471,1.60513239329346,155,0.00794021425676483,42,1.76701215805471,NA,NA,NA,NA,NA,NA
2556665,"Roy Robertson-Harris","CHI","DL",25,2,5,1.02032670454545,0,1.64515596330275,0.978109141017946,156,0.0122628289063473,42,1.64515596330275,NA,108.7,43.9,10.6465971564394,NA,NA
2550154,"Dan McCullers-Sanders","PIT","DL",26,4,7,1.01270919067215,0.785,1.12436625,0.293449314192417,157,0.0119042664297295,43,0.33936625,NA,NA,NA,NA,NA,NA
2550575,"Zach Kerr","DEN","DL",28,4,10,1.00341856060606,0,1.64543465045593,0.965383662375916,158,0.0169155092592593,43,1.64543465045593,NA,127.5,8.5,4.44940927572092,NA,NA
2559044,"Antony Auclair","TB","TE",25,1,5,0.999340732880183,0.57,1.37511699147744,0.374801254021131,63,0.0286444821244216,21,0.805116991477442,NA,62.8,2.1,4.69604538237152,NA,NA
2560080,"P.J. Hall","OAK","DL",23,0,7,0.998191287878788,0,1.82162310030395,1.12171599400338,159,0.0385679713804715,43,1.82162310030395,NA,103,4,3.66163115529061,NA,NA
2558129,"Isaiah McKenzie","FA","WR",23,1,NA,0.995502139800285,0,2.08684741641337,1.25014684486168,123,0.0382987037727773,30,2.08684741641337,NA,NA,NA,NA,NA,NA
2552580,"A.J. Derby","MIA","TE",27,3,11,0.986996415770609,-0.0462365591397849,2.43140988372093,2.05265055375572,64,0.0533627317494941,22,2.47764644286072,NA,NA,NA,10.0112456179233,NA,NA
2558985,"Tim Patrick","DEN","WR",25,1,10,0.978245487364621,0.3,1.58176595744681,0.729816430375518,124,0.0667521316605648,30,1.28176595744681,NA,110.6,6.6,6.21436598954524,NA,NA
2558136,"Fabian Moreau","WAS","DB",24,1,4,0.977071330589849,0,1.68527811550152,1.53088618126888,173,0.0316460905349794,38,1.68527811550152,NA,119.5,14.5,4.92117099842673,NA,NA
2555251,"Ronald Blair","SF","DL",25,2,11,0.974814814814815,0,1.68138601823708,1.52735064736294,160,0.043397945504427,43,1.68138601823708,NA,67.3,4.2,3.69664351619862,NA,NA
2555542,"Jordan Lucas","KC","DB",25,2,12,0.968045267489712,0,1.66970972644377,1.51674404564514,174,0.0576508916323731,38,1.66970972644377,NA,58,12.7,4.67480871219115,NA,NA
2560762,"Malik Jefferson","CIN","LB",22,0,9,0.96463964351215,0,2.00682568807339,1.55096914269563,147,0.0760577306333625,37,2.00682568807339,NA,NA,NA,NA,NA,NA
2558832,"Mo Alie-Cox","IND","TE",25,2,9,0.954396085740914,0.7,1.17525866261398,0.312972934606995,65,0.17479905989986,22,0.475258662613982,NA,56,3.6,5.06680782666143,NA,NA
2560873,"Nathan Shepherd","NYJ","DL",25,0,11,0.944431818181818,0,1.55580547112462,0.910485217708992,161,0.0294146714054121,43,1.55580547112462,NA,145,17,5.93743461431152,NA,NA
2553499,"Damiere Byrd","CAR","WR",NA,NA,4,0.936161384690395,0,1.47625217391304,0.632735016029257,125,0.0712165287561299,30,1.47625217391304,NA,123.5,1.5,3.29490604850466,NA,NA
2555155,"Deon Bush","CHI","DB",25,2,5,0.922805212620027,0.525,1.11786875,0.512652416360247,176,0.0360493827160495,39,0.59286875,NA,NA,NA,NA,NA,NA
2543884,"Beau Allen","TB","DL",27,4,5,0.918401920438957,0,1.58408358662614,1.43896229971462,162,0.0090260631001372,43,1.58408358662614,NA,96,2.9,3.46906317029653,NA,NA
2553554,"Matt Lengel","CIN","TE",NA,NA,9,0.912871282301316,0,2.1015847826087,0.962587944161573,66,0.276749146757679,23,2.1015847826087,NA,NA,NA,6.57696178322897,NA,NA
2560714,"Duke Ejiofor","HOU","DL",23,0,10,0.911632373113855,0,1.57240729483283,1.42835569799683,163,0.0090260631001372,44,1.57240729483283,NA,140,14,5.41224920069131,NA,NA
2541544,"Benny Cunningham","CHI","RB",28,5,5,0.907538044569364,0.3,1.74852140672783,0.695875525071757,79,0.149225197177847,33,1.44852140672783,NA,75.3,3,5.2501545815311,NA,NA
2555241,"Sheldon Day","SF","DL",24,2,11,0.907119341563786,0,1.56462310030395,1.42128463018496,164,0.0112825788751715,44,1.56462310030395,NA,105.5,8.5,4.44940927572092,NA,NA
2532974,"Kyle Wilber","OAK","LB",29,6,7,0.9,0.9,0.9,NA,148,0.032864752667667,38,0,NA,NA,NA,NA,NA,NA
2543706,"Shamar Stephen","SEA","DL",27,4,7,0.898093278463649,0,1.5490547112462,1.40714249456123,165,0.0135390946502058,44,1.5490547112462,NA,119.5,7.5,4.27434747118085,NA,NA
2541135,"Cody Davis","JAC","DB",29,5,9,0.89798353909465,0.47,1.107845,0.551543289325507,177,0.0375182476773911,39,0.637845,NA,NA,NA,NA,NA,NA
2560823,"Derrick Nnadi","KC","DL",22,0,12,0.89358024691358,0,1.54127051671733,1.40007142674936,166,0.0338477366255144,44,1.54127051671733,NA,135,2,3.31150754621047,NA,NA
2555477,"Charone Peake","NYJ","WR",26,2,11,0.886825326717718,0,1.454163591394,0.604559720263445,126,0.0613894251551506,30,1.454163591394,NA,100.2,3.2,4.26805936218486,NA,NA
2560763,"Josey Jewell","DEN","LB",24,0,10,0.877163825757576,0,1.4682752293578,0.854544260975843,149,0.0370492808501105,38,1.4682752293578,NA,NA,NA,NA,NA,NA
2556277,"Marqui Christian","LAR","DB",24,2,12,0.875528120713306,0,1.51013373860182,1.3717871555019,178,0.0500388238090785,39,1.51013373860182,NA,146,10,4.30526528283777,NA,NA
2557862,"Chris Wormley","BAL","DL",25,1,10,0.875528120713306,0,1.51013373860182,1.3717871555019,167,0.0372325102880658,44,1.51013373860182,NA,125,34,8.91348529149272,NA,NA
2505076,"Josh McCown","NYJ","QB",39,16,11,0.861225228553677,0,1.88187253904431,1.38660783689044,34,0.0800875438851526,19,1.88187253904431,NA,NA,NA,8.51294730944852,NA,NA
2558241,"Blair Brown","JAC","LB",24,1,9,0.85710666890709,0.14,1.45532,0.960121892974264,150,0.0435970683016547,38,1.31532,NA,NA,NA,NA,NA,NA
2558077,"Delano Hill","SEA","DB",23,1,7,0.845402462121212,0,1.54930275229358,0.957727634934374,179,0.101880514247412,39,1.54930275229358,NA,NA,NA,NA,NA,NA
2560840,"Harrison Phillips","BUF","DL",22,0,11,0.843936899862826,0,1.4556443768997,1.32228968081884,168,0.0237745120962712,44,1.4556443768997,NA,134,10,4.71200198253103,NA,NA
2558912,"Victor Bolden","SF","WR",23,1,11,0.843064385150812,0,1.66448198757764,0.975494056312319,127,0.0486230417550487,30,1.66448198757764,NA,120.6,8.2,7.13027499065601,NA,NA
2556274,"David Onyemata","NO","DL",NA,2,6,0.832654320987654,0,1.43618389057751,1.30461201128918,169,0.034472502805836,44,1.43618389057751,NA,97.3,6.8,4.1518042080028,NA,NA
2560967,"Kalen Ballage","MIA","RB",NA,0,11,0.829892808386153,0.12,1.5950520212766,0.783837864343993,80,0.151552724354862,33,1.4750520212766,NA,78.8,3.8,5.74542631003022,NA,NA
2541695,"Brandon Copeland","NYJ","LB",NA,NA,11,0.82312242090784,0,1.42314678899083,1.29400540957138,151,0.0461740307563254,39,1.42314678899083,NA,78,2.8,3.6974880636449,NA,NA
2560961,"Marcell Ateman","OAK","WR",24,0,7,0.807807417974322,0,1.62513434650456,0.929402119384307,128,0.0332174978741157,30,1.62513434650456,NA,NA,NA,NA,NA,NA
2550449,"Ethan Westbrooks","LAR","DL",28,4,12,0.807670454545455,0,1.31790273556231,0.775740527020942,170,0.0195618608928795,44,1.31790273556231,NA,129.5,4.5,3.74916205756064,NA,NA
2543712,"Terrence Brooks","NYJ","DB",27,4,11,0.805576131687243,0,1.38947872340426,1.26218560441799,180,0.139903978052126,39,1.38947872340426,NA,109,11,4.44213321963532,NA,NA
2552321,"Stephone Anthony","MIA","LB",26,3,11,0.80389678030303,0.7,0.896715596330275,0.127636048600142,152,0.115241087573263,40,0.196715596330275,NA,NA,NA,NA,NA,NA
2552588,"Brett Hundley","SEA","QB",25,3,7,0.792508881645609,0,1.77456734832182,1.18849220548023,35,0.0365930067590177,19,1.77456734832182,NA,NA,NA,7.7794006796226,NA,NA
2543692,"Chris Smith","CLE","DL",26,4,11,0.788693181818182,0,1.31603669724771,0.766430779079171,171,0.0011691763312135,44,1.31603669724771,NA,NA,NA,NA,NA,NA
2506779,"Tom Johnson","MIN","DL",34,8,10,0.787524005486968,0,1.35834194528875,1.23390133317053,172,0.00112825788751714,44,1.35834194528875,NA,144.5,35.5,9.17607799830283,NA,NA
2539230,"Abry Jones","JAC","DL",27,5,9,0.787524005486968,0,1.35834194528875,1.23390133317053,172,0.00489026063100129,44,1.35834194528875,NA,88.3,9.7,4.65948344116901,NA,NA
2507837,"Kyle Love","CAR","DL",32,8,4,0.785267489711934,0,1.35444984802432,1.23036579926459,174,0.0116598079561041,44,1.35444984802432,NA,NA,NA,NA,NA,NA
2559385,"Dan Arnold","NO","WR",48,1,6,0.781075268817204,0.61,0.899976744186047,0.261629509039023,129,0.0474632561631424,30,0.289976744186047,NA,NA,NA,NA,NA,NA
2558185,"Tanoh Kpassagnon","KC","DL",24,1,12,0.78,0.78,0.78,NA,175,0.0140676965110202,44,0,NA,NA,NA,NA,NA,NA
2555261,"Jacoby Brissett","IND","QB",26,2,9,0.76976648769144,0,1.45825387737381,0.923732415212222,36,0.130978075018403,19,1.45825387737381,NA,41.5,8.5,11.4923802054817,NA,NA
2560801,"Ray-Ray McCloud","BUF","WR",NA,0,11,0.768104571383209,-0.0305322128851541,1.43293191489362,0.705223556613114,130,0.100853230573848,30,1.46346412777877,NA,120.6,5.8,5.75641148898986,NA,NA
2549926,"Shelby Harris","DEN","DL",27,4,10,0.76721536351166,0,1.32331306990881,1.20208152801713,176,0.0124475599603281,44,1.32331306990881,NA,NA,NA,NA,NA,NA
2539280,"John Simon","NE","DL",28,5,11,0.7646492434663,0,1.32204892966361,1.20208152801713,177,0.0255222482050453,44,1.32204892966361,NA,NA,NA,NA,NA,NA
2534761,"Ryan Davis","LAR","LB",29,6,12,0.75,0.75,0.75,NA,153,0.125707470149021,41,0,NA,NA,NA,NA,NA,NA
2558199,"Tanzel Smart","LAR","DL",24,1,12,0.744886363636364,0,1.30623853211009,0.770789416289266,178,0.0160317683002869,44,1.30623853211009,NA,NA,NA,NA,NA,NA
2553457,"Trevor Siemian","MIN","QB",NA,NA,10,0.742065262081742,0,1.6349503257758,0.985579689099076,37,0.224479442141462,19,1.6349503257758,NA,NA,NA,7.02809301408713,NA,NA
2557964,"Nazair Jones","SEA","DL",24,1,7,0.733367626886145,0,1.26493161094225,1.14904851942814,179,0.0214368998628257,44,1.26493161094225,NA,107.3,58.3,13.1674871418164,NA,NA
2558924,"Adam Butler","NE","DL",NA,NA,11,0.724341563786008,0,1.2493632218845,1.13490638380441,180,0.0282064471879286,44,1.2493632218845,NA,NA,NA,NA,NA,NA
2560731,"John Franklin-Myers","LAR","DL",22,0,12,0.699519890260631,0,1.20655015197568,1.09601551083915,181,0.0101543209876543,44,1.20655015197568,NA,NA,NA,NA,NA,NA
2558258,"Shelton Gibson","PHI","WR",23,1,9,0.699119453924915,0.49,0.8948945,0.215339084829947,131,0.0814278400780107,30,0.4048945,NA,119.6,6.2,5.98538873926755,NA,NA
2560744,"Jalyn Holmes","MIN","DL",22,0,10,0.692750342935528,0,1.19487386018237,1.08540890912135,182,0.0338477366255144,44,1.19487386018237,NA,NA,NA,NA,NA,NA
2550512,"Damien Williams","KC","RB",26,4,12,0.68673288639688,0.12,1.4747,0.680119935647523,81,0.0277592455640282,33,1.3547,NA,76.1,3.6,5.50575243753317,NA,NA
2552670,"Angelo Blackson","HOU","DL",26,3,10,0.685980795610425,0,1.18319756838906,1.07480230740355,183,0.0575411522633745,44,1.18319756838906,NA,120,1,3.1364457416704,NA,NA
2540152,"Eric Reid","CAR","DB",27,5,4,0.681467764060357,0,1.17541337386018,1.06773123959169,181,0.0327194787379973,40,1.17541337386018,NA,44.6,10.3,4.34632566387704,NA,NA
2561152,"David Williams","JAC","RB",24,0,9,0.669947281665703,0.02765,1.69767033639144,0.951815179114751,82,0.0289003282606848,33,1.67002033639144,NA,83,4,6.07619370457366,NA,NA
2535687,"Michael Thomas","NYG","DB",29,6,9,0.649876543209877,0,1.12092401215805,1.01823376490863,182,0.0248216735253772,40,1.12092401215805,NA,NA,NA,NA,NA,NA
2495262,"Nick Bellore","DET","RB",29,7,6,0.648,0.648,0.648,NA,83,0.0150516175642005,34,0,NA,NA,NA,NA,NA,NA
238227,"Mike Mitchell","IND","DB",31,9,9,0.647620027434842,0,1.11703191489362,1.0146982310027,183,0.0654389574759946,40,1.11703191489362,NA,25.1,7,3.89466147244514,NA,NA
2533046,"Dwayne Allen","NE","TE",28,6,11,0.64632276938079,0,1.31278662790698,0.616606923254207,67,0.026919795221843,24,1.31278662790698,NA,57,10.3,7.63622184611197,NA,NA
2558905,"JoJo Natson","LAR","WR",24,2,12,0.635383227693808,0,1.28238043478261,0.636198905159855,132,0.0353832276938078,30,1.28238043478261,NA,NA,NA,NA,NA,NA
2558833,"Alexander Armah","CAR","RB",24,1,4,0.634093906810036,0,1.06403726708075,0.51848539420556,84,0.0108265905715514,35,1.06403726708075,NA,82.1,4.6,5.73984217378205,NA,NA
2558131,"Al-Quadin Muhammad","IND","DL",NA,1,9,0.631824417009602,0,1.08978723404255,0.989949493661166,184,0.0112825788751714,44,1.08978723404255,NA,145.5,9.5,4.62447108026099,NA,NA
2540225,"Tommy Bohanon","JAC","RB",28,5,9,0.631802858061563,0.03,1.14176391437309,0.534294347802872,85,0.0356452581920984,35,1.11176391437309,NA,81.4,5.2,6.04018563927834,NA,NA
2557853,"Ryan Anderson","WAS","LB",NA,1,4,0.627311385459534,0,1.08200303951368,0.982878425849301,154,0.0164875218231699,42,1.08200303951368,NA,102,17,7.20949372244727,NA,NA
2495888,"Marcedes Lewis","GB","TE",34,12,7,0.625921501706485,0,1.22151162790698,0.562633045224229,68,0.0141767094188581,24,1.22151162790698,NA,NA,NA,5.31688861684567,NA,NA
2559132,"Eli Ankou","JAC","DL",24,1,9,0.625054869684499,0,1.07811094224924,0.979342891943368,185,0.0112825788751715,44,1.07811094224924,NA,NA,NA,NA,NA,NA
2553687,"Zach Vigil","WAS","LB",27,3,4,0.621273674242424,0,1.28137614678899,0.967082801903631,155,0.0265097425857613,42,1.28137614678899,NA,NA,NA,NA,NA,NA
2561092,"Jake Martin","SEA","DL",23,0,7,0.616028806584362,0,1.06254255319149,0.965200756319637,186,0.0146673525377229,44,1.06254255319149,NA,NA,NA,NA,NA,NA
2561567,"Robert Martin","NYG","RB",48,0,9,0.614731774415406,0.03,1.04097859327217,0.919238815542512,86,0.0461731901502618,35,1.01097859327217,NA,NA,NA,6.19162013519583,NA,NA
2550521,"Xavier Grimble","PIT","TE",26,4,7,0.612884446611409,0,1.14380638297872,0.514904377656886,69,0.0538115202774073,24,1.14380638297872,NA,59.1,3,5.19764071041803,NA,NA
2550437,"Josh Mauro","NYG","DL",27,4,9,0.611515775034294,0,1.05475835866261,0.958129688507772,187,0.0338477366255144,44,1.05475835866261,NA,NA,NA,NA,NA,NA
2495211,"Niles Paul","JAC","TE",29,7,9,0.610605137963844,0,1.3424897515528,1.12808809449418,70,0.114021275004743,25,1.3424897515528,NA,NA,NA,7.09837632026952,NA,NA
2558853,"Mike Tyson","HOU","DB",NA,1,10,0.602489711934156,0,1.03918996960486,0.943987552884041,184,0.0440020576131688,40,1.03918996960486,NA,NA,NA,NA,NA,NA
2559054,"Nicholas Morrow","OAK","LB",23,1,7,0.600374053030303,0,1.08878899082569,0.664106551254724,156,0.0192196444594364,42,1.08878899082569,NA,NA,NA,NA,NA,NA
2552415,"Jamison Crowder","WAS","WR",25,3,4,0.6,0.6,0.6,0,133,0,30,1.11022302462516e-16,NA,NA,NA,NA,NA,NA
2555413,"Trevor Davis","GB","WR",25,2,7,0.6,0.6,0.6,1.3622274927584e-16,133,0.00627646038172358,30,1.11022302462516e-16,NA,NA,NA,NA,NA,NA
2555419,"Pharoh Cooper","LAR","WR",23,2,12,0.6,0.6,0.6,0,133,0.0186717755928283,30,1.11022302462516e-16,NA,NA,NA,NA,NA,NA
2556588,"Eric Lee","DET","DL",24,2,6,0.591207133058985,0,1.01972948328267,0.926309883354377,188,0.0270781893004115,44,1.01972948328267,NA,NA,NA,NA,NA,NA
2553774,"Cameron Lynch","TB","LB",NA,NA,5,0.589153810283023,0,1.10508256880734,0.766927364277801,157,0.0238966086369323,42,1.10508256880734,NA,NA,NA,NA,NA,NA
2560761,"Richie James","SF","WR",23,0,11,0.587447079236553,0,0.9281975,0.424573551536507,136,0.0296832038089447,30,0.9281975,NA,118.8,4.2,4.84050248787909,NA,NA
2555432,"Andy Janovich","DEN","RB",25,2,10,0.577583425323524,0,1.09070651875708,0.585893047098884,87,0.0317968092369825,35,1.09070651875708,NA,79.3,2.6,4.90895586205733,NA,NA
2553502,"DeAndre Carter","PHI","WR",25,3,9,0.575209369577791,0.18,0.8927775,0.348694791902914,137,0.0520382251575652,30,0.7127775,NA,122.5,5.1,5.3557013010039,NA,NA
2560827,"Dorian O'Daniel","KC","LB",24,0,12,0.573155006858711,0,0.988592705167173,0.898025612106915,158,0.0440020576131688,42,0.988592705167173,NA,NA,NA,NA,NA,NA
2555243,"Vernon Butler","CAR","DL",24,2,4,0.564128943758573,0,0.973024316109423,0.883883476483184,189,0.0090260631001372,44,0.973024316109423,NA,143.5,14.5,5.49978010296135,NA,NA
2557894,"DeMarcus Walker","DEN","DL",24,1,10,0.564128943758573,0,0.973024316109423,0.883883476483184,189,0.0203086419753086,44,0.973024316109423,NA,NA,NA,NA,NA,NA
2560839,"Darius Phillips","CIN","DB",23,0,9,0.561872427983539,0,0.969132218844985,0.880347942577252,185,0.0135390946502058,41,0.969132218844985,NA,NA,NA,NA,NA,NA
2539303,"Zach Line","NO","RB",28,5,6,0.559533743206764,0,1.02058042813456,0.454534415254133,88,0.0323715973314936,35,1.02058042813456,NA,83.4,7,6.76091719273445,NA,NA
2507948,"Frank Zombo","KC","LB",31,8,12,0.55735939643347,0,0.96134802431611,0.873276874765386,159,0.0770755393440578,42,0.96134802431611,NA,NA,NA,NA,NA,NA
2560795,"Avonte Maddox","PHI","DB",22,0,9,0.555102880658436,0,0.957455927051672,0.869741340859453,186,0.01579561042524,41,0.957455927051672,NA,65,12.2,4.60637474379237,NA,NA
2557845,"Jaleel Johnson","MIN","DL",24,1,10,0.546076817558299,0,0.941887537993921,0.855599205235722,191,0.00564128943758579,44,0.941887537993921,NA,147,27,7.68805265971223,NA,NA
2553655,"Anthony Harris","MIN","DB",26,3,10,0.54156378600823,0,0.934103343465046,0.848528137423857,187,0.038360768175583,41,0.934103343465046,NA,162.5,11.5,4.51056718803409,NA,NA
2558766,"Grover Stewart","IND","DL",NA,1,9,0.54156378600823,0,0.934103343465046,0.848528137423857,192,0.00561516983102628,44,0.934103343465046,NA,125.5,12.5,5.14965649388121,NA,NA
2558127,"Josh Malone","CIN","WR",22,1,9,0.540318381277426,0,0.949091489361702,0.419846124520849,138,0.0353064274959132,30,0.949091489361702,NA,121.6,3,4.15357073704601,NA,NA
2561129,"Zach Sieler","BAL","DL",23,0,10,0.539307270233196,0,0.930211246200608,0.844992603517924,193,0.00792469447562039,44,0.930211246200608,NA,NA,NA,NA,NA,NA
2560946,"Isaac Yiadom","DEN","DB",22,0,10,0.537050754458162,0,0.92631914893617,0.841457069611991,188,0.0710802469135803,41,0.92631914893617,NA,NA,NA,NA,NA,NA
2557983,"DeShone Kizer","GB","QB",22,1,7,0.535511563264331,0,1.36901257270863,0.853941135669138,38,0.0912417275021215,20,1.36901257270863,NA,NA,NA,6.54068565235428,NA,NA
2558007,"Caleb Brantley","WAS","DL",NA,1,4,0.532589962121212,0,0.876091743119266,0.513060007046234,194,0.0046182796327473,44,0.876091743119266,NA,NA,NA,NA,NA,NA
2555417,"C.J. Prosise","SEA","RB",24,2,7,0.532039488966318,0.03,1.18226972477064,0.743287700240635,89,0.0108285844050211,35,1.15226972477064,NA,NA,NA,5.6927667293351,NA,NA
2495178,"Jarvis Jenkins","KC","DL",30,7,12,0.530175189393939,0,0.964392097264438,0.591366477197895,195,0.00892004536101754,44,0.964392097264438,NA,143,4,3.66163115529061,NA,NA
2558111,"Treyvon Hester","PHI","DL",26,1,9,0.52576817558299,0,0.906858662613982,0.823779400082328,196,0.0200105993965844,44,0.906858662613982,NA,NA,NA,NA,NA,NA
2550235,"Roosevelt Nix","PIT","RB",NA,NA,7,0.522284802784223,0,0.994925465838509,0.52918568200764,90,0.0154762671137343,35,0.994925465838509,NA,77,0,3.62419239167882,NA,NA
2532797,"Brandon Bolden","MIA","RB",28,6,11,0.520137006338372,0,1.40850425531915,0.929751824890401,91,0.0307689874889461,35,1.40850425531915,NA,94.7,5,6.50813828813077,NA,NA
2561009,"Marquis Haynes","CAR","DL",25,0,4,0.516742112482853,0,0.891290273556231,0.809637264458597,197,0.0222671151716187,44,0.891290273556231,NA,NA,NA,NA,NA,NA
2556444,"Joshua Perkins","PHI","TE",25,2,9,0.507540714704159,0,0.856776291793313,0.37101447216278,71,0.064435735779273,26,0.856776291793313,NA,58,2.2,4.72129076093735,NA,NA
2560838,"Cam Phillips","BUF","WR",23,0,11,0.506023907563025,0,1.22917021276596,1.00354201420388,139,0.00531885341140059,30,1.22917021276596,NA,NA,NA,NA,NA,NA
2559270,"Robert Tonyan","GB","WR",24,1,7,0.504,0.504,0.504,NA,140,0.0168106252908842,31,0,NA,NA,NA,NA,NA,NA
2561149,"Matthew Adams","IND","LB",NA,0,9,0.500946502057613,0,0.864045592705167,0.784888527117068,160,0.0432278027185434,42,0.864045592705167,NA,NA,NA,NA,NA,NA
2532842,"Nick Foles","PHI","QB",29,6,9,0.49966007661623,0,1.11409740378743,0.634056366516591,39,0.1155853033188,20,1.11409740378743,NA,NA,NA,5.72653620733686,NA,NA
2560243,"Brandon Zylstra","MIN","WR",25,1,10,0.497410108303249,0,0.842518237082067,0.449863420509202,141,0.0295064329070481,32,0.842518237082067,NA,122.5,4.5,5.01223542558736,NA,NA
2556416,"Anthony Lanier","WAS","DL",25,2,4,0.494773039889959,0,0.855443425076453,0.777817459305202,198,0.00623737459503415,44,0.855443425076453,NA,NA,NA,NA,NA,NA
2558915,"Tashawn Bower","MIN","DL",23,1,10,0.49417695473251,0,0.852369300911854,0.774281925399269,199,0.0165880886745423,44,0.852369300911854,NA,NA,NA,NA,NA,NA
2557994,"DOnta Foreman","HOU","RB",22,1,10,0.493480065002605,0.0165061898211829,1.17561467889908,0.978207604263734,92,0.0235830367831764,36,1.1591084890779,NA,75.3,15.4,11.3943312595962,NA,NA
2495347,"Lee Smith","OAK","TE",31,7,7,0.485627011214042,0,0.88846170212766,0.428514812853666,72,0.0964072556521047,26,0.88846170212766,NA,61.1,3.3,5.15518563743763,NA,NA
2534871,"Derrick Coleman","ARI","RB",28,6,9,0.485255972696246,0.09,0.812851063829787,0.35217789981463,93,0.038841651364745,37,0.722851063829787,NA,88.2,5.9,6.10627399260661,NA,NA
2552444,"Leterrius Walton","PIT","DL",NA,3,7,0.482894375857339,0,0.832908814589666,0.756604255869606,200,0.0151089563250142,44,0.832908814589666,NA,NA,NA,NA,NA,NA
80427,"Darrius Heyward-Bey","PIT","WR",31,9,7,0.476968641114983,0,0.7403575,0.309433028486967,142,0.0407220461329038,32,0.7403575,NA,NA,NA,NA,NA,NA
2558040,"Derek Rivers","NE","DL",24,1,11,0.472283356258597,0,0.816559633027523,0.742462120245875,201,0.0206293267897272,44,0.816559633027523,NA,120.5,49.5,11.6269432618638,NA,NA
2553817,"Corey Moore","IND","DB",NA,NA,9,0.469355281207133,0,0.80955623100304,0.735391052434009,189,0.0101543209876543,41,0.80955623100304,NA,NA,NA,NA,NA,NA
2560998,"Rasheem Green","SEA","DL",21,0,7,0.463287482806052,0,0.801006116207951,0.728319984622144,202,0.0332771947402086,44,0.801006116207951,NA,118,49,11.5394123595938,NA,NA
2556475,"Briean Boddy-Calhoun","CLE","DB",25,2,11,0.46258573388203,0,0.797879939209726,0.724784450716211,190,0.0282064471879286,42,0.797879939209726,NA,112,59,11.0117941859175,NA,NA
2553441,"David Mayo","CAR","LB",25,3,4,0.459621212121212,0,0.754165137614679,0.442288126461839,161,0.00902793365756333,43,0.754165137614679,NA,NA,NA,NA,NA,NA
2553606,"Jordan Taylor","DEN","WR",26,3,10,0.458838709677419,0,1.00605590062112,0.595424983796476,143,0.0624161501776387,32,1.00605590062112,NA,NA,NA,NA,NA,NA
2559012,"Eric Wilson","MIN","LB",24,1,10,0.455816186556927,0,0.786203647416413,0.714177848998413,162,0.0413271604938272,43,0.786203647416413,NA,NA,NA,NA,NA,NA
2561103,"Tremon Smith","KC","DB",22,0,12,0.455816186556927,0,0.786203647416413,0.714177848998413,191,0.0530281207133059,42,0.786203647416413,NA,NA,NA,NA,NA,NA
2556118,"Dwayne Washington","NO","RB",NA,2,6,0.454538083742612,0,0.849232415902141,0.518061010198044,94,0.0196262829392047,37,0.849232415902141,NA,NA,NA,5.05420810908584,NA,NA
2561200,"Dennis Gardeck","ARI","LB",48,0,9,0.44537037037037,0.075,0.62698125,0.477297077300919,163,0.0707887517146776,43,0.55198125,NA,NA,NA,NA,NA,NA
2541479,"Nick Williams","FA","DL",28,5,NA,0.440020576131687,0,0.75895896656535,0.689429111656884,204,0.0253644550862953,44,0.75895896656535,NA,107,8,4.36187837345089,NA,NA
2550633,"Senorise Perry","MIA","RB",27,4,11,0.438290558920389,-0.00306616961789376,1.1259306758598,0.690948667499079,95,0.0184876127420427,37,1.1289968454777,NA,NA,NA,5.54437605447188,NA,NA
2550400,"Keith Smith","OAK","RB",26,4,7,0.431533042686426,0,0.656924223602484,0.303695564638892,96,0.0559003706891533,37,0.656924223602484,NA,75.6,4.8,5.52800234109449,NA,NA
496814,"Albert McClellan","BAL","DL",32,8,10,0.42,0.42,0.42,NA,205,0.0145139749765559,45,0,NA,NA,NA,NA,NA,NA
2553737,"Eli Rogers","PIT","WR",NA,NA,7,0.413654480286738,0,0.869270186335404,0.500556186308558,144,0.0429221618622933,32,0.869270186335404,NA,NA,NA,NA,NA,NA
2556374,"Blake Countess","LAR","DB",25,2,12,0.412942386831276,0,0.712253799392097,0.647002704785691,192,0.0259499314128943,42,0.712253799392097,NA,NA,NA,NA,NA,NA
2556551,"Joel Heath","HOU","DL",25,2,10,0.409312242090784,0,0.70768501529052,0.643467170879758,206,0.0606805548479856,46,0.70768501529052,NA,NA,NA,NA,NA,NA
2530763,"Patrick DiMarco","BUF","RB",29,7,11,0.408072849670268,0,0.866315527950311,0.481843483134736,97,0.0666804888190338,37,0.866315527950311,NA,80.5,3.1,4.99306684229357,NA,NA
2550242,"Mike Pennel","NYJ","DL",27,4,11,0.401659807956104,0,0.692793313069909,0.629325035256027,207,0.106056241426612,46,0.692793313069909,NA,NA,NA,NA,NA,NA
2556508,"Alan Cross","TB","TE",25,2,5,0.400582946635731,0,0.685684472049689,0.329999829331782,73,0.0268260681039562,26,0.685684472049689,NA,NA,NA,4.58396879579993,NA,NA
2556456,"Andrew Adams","TB","DB",25,2,5,0.392633744855967,0,0.677224924012158,0.615182899632296,193,0.0270781893004116,42,0.677224924012158,NA,NA,NA,NA,NA,NA
2560786,"Kyle Lauletta","NYG","QB",23,0,9,0.38887959490819,0,0.925051599351237,0.764101249627696,40,0.0252544529496674,20,0.925051599351237,NA,45,9,11.5745625137349,NA,NA
2533459,"Nate Stupar","NYG","LB",30,6,9,0.38360768175583,0,0.661656534954407,0.601040764008565,164,0.0299083083797028,43,0.661656534954407,NA,NA,NA,NA,NA,NA
2555547,"KeiVarae Russell","CIN","DB",25,2,9,0.381351165980796,0,0.65776443768997,0.597505230102633,194,0.0451303155006858,43,0.65776443768997,NA,NA,NA,NA,NA,NA
2539275,"Mike Glennon","ARI","QB",29,5,9,0.37926995168667,0,0.894778722403592,0.457139070808281,41,0.0368061912104611,20,0.894778722403592,NA,NA,NA,5.07147893042753,NA,NA
2552425,"Rashad Greene","JAC","WR",26,3,9,0.379190638712823,0,0.750382978723404,0.363415242605436,145,0.0338367033936001,32,0.750382978723404,NA,NA,NA,NA,NA,NA
2561027,"Tyler Conklin","MIN","TE",NA,0,10,0.377856564488143,0.05,0.577387234042553,0.258106876587151,74,0.0173251380117612,26,0.527387234042553,NA,71,2,4.48100975960268,NA,NA
2558886,"Darrell Daniels","SEA","TE",24,2,7,0.369657192575406,0,0.941226086956522,0.574736616385669,75,0.0189877607289989,26,0.941226086956522,NA,56.4,6,6.22820995319095,NA,NA
2552307,"Bryce Hager","LAR","LB",26,3,12,0.365555555555556,0,0.630519756838906,0.572756492761103,165,0.0378061135923228,43,0.630519756838906,NA,NA,NA,NA,NA,NA
2559241,"Travis Rudolph","FA","WR",NA,1,NA,0.362273998136067,0,0.777531976744186,0.647084680549873,146,0.0393618149137688,32,0.777531976744186,NA,NA,NA,NA,NA,NA
2553658,"Gabe Holmes","ARI","TE",NA,NA,9,0.351405660377358,0,0.751549068322981,0.436328075310021,76,0.00167601630129804,26,0.751549068322981,NA,NA,NA,4.91895999091159,NA,NA
2533047,"Orson Charles","CLE","TE",27,6,11,0.349933203315456,0,0.575027659574468,0.281793520324939,77,0.00217844953681129,27,0.575027659574468,NA,NA,NA,4.4320929803235,NA,NA
494289,"Sherrick McManis","CHI","DB",31,8,5,0.349759945130315,0,0.603275075987842,0.548007755419574,195,0.0282064471879287,43,0.603275075987842,NA,169,13,4.71586909323041,NA,NA
2553900,"Daniel Brown","CHI","TE",NA,NA,5,0.349526084836665,0,0.791980434782609,0.407042273514491,78,0.0143652215658218,27,0.791980434782609,NA,NA,NA,4.82669395517452,NA,NA
2532970,"Brandon Weeden","HOU","QB",35,6,10,0.347980332230375,0,0.833936006952432,0.429271413356925,42,0.0267891049360854,20,0.833936006952432,NA,36,4,7.17759918816577,NA,NA
2557886,"Jeremy Sprinkle","WAS","TE",24,1,4,0.345983422720624,0.24,0.406934042553191,0.0674430777483156,79,0.0466460573530163,27,0.166934042553191,NA,NA,NA,3.75677373405143,NA,NA
2556603,"Tre Madden","SEA","RB",25,2,7,0.343192494324277,0,0.624157763975155,0.336947801984689,98,0.00962030920661056,38,0.624157763975155,NA,81.5,3.5,4.97295259839159,NA,NA
2559042,"Xavier Woodson-Luster","CLE","LB",23,1,11,0.341843191196699,0,0.591033639143731,0.537401153701776,166,0.0484700941388471,43,0.591033639143731,NA,NA,NA,NA,NA,NA
2556762,"Elijhaa Penny","NYG","RB",25,2,9,0.33959222737819,0,0.715325835866262,0.404582869368281,99,0.0210253004082014,38,0.715325835866262,NA,80.5,4,5.30044215265626,NA,NA
2555262,"Jeff Driskel","CIN","QB",25,2,9,0.336947188722043,0,0.815210486150439,0.42816700479329,43,0.032683312137288,21,0.815210486150439,NA,NA,NA,4.96420641874779,NA,NA
2556569,"Andy Jones","DET","WR",NA,2,6,0.328433872502379,0,0.722101863354037,0.606778944956226,147,0.0302791660718101,32,0.722101863354037,NA,NA,NA,NA,NA,NA
2561461,"Dontrell Hilliard","CLE","RB",48,0,11,0.327552142857143,0,0.725085106382979,0.427300405977335,100,0.0246290323204829,38,0.725085106382979,NA,NA,NA,4.79688529271268,NA,NA
2559263,"Tyrone Swoopes","SEA","TE",24,1,7,0.324338303821062,0,0.523585106382979,0.307274049193927,80,0.0618627640081343,27,0.523585106382979,NA,62.5,3.5,5.02661996979903,NA,NA
2556587,"Crevon LeBlanc","DET","DB",24,2,6,0.322681755829904,0,0.55656990881459,0.505581348548381,196,0.00789780521262001,43,0.55656990881459,NA,NA,NA,NA,NA,NA
2555380,"Cyrus Jones","BAL","DB",NA,2,10,0.32042524005487,0,0.552677811550152,0.502045814642449,197,0.0124108367626886,43,0.552677811550152,NA,NA,NA,NA,NA,NA
2556773,"Hunter Sharp","FA","WR",24,2,NA,0.317390493942218,0,0.681200581395349,0.566914897118915,148,0.0462387996342738,32,0.681200581395349,NA,NA,NA,NA,NA,NA
2556673,"Brennan Scarlett","HOU","LB",25,2,10,0.313655692729767,0,0.541001519756839,0.49143921292465,167,0.042172340248628,44,0.541001519756839,NA,NA,NA,NA,NA,NA
2495467,"Taiwan Jones","BUF","RB",30,7,11,0.309581711082835,0,0.763119148936171,0.621801849344853,101,0.0240119633172047,38,0.763119148936171,NA,NA,NA,5.34833225172879,NA,NA
2558174,"Johnathan Ford","ARI","DB",24,1,9,0.309142661179698,0,0.533217325227964,0.484368145112785,198,0.00789780521262001,44,0.533217325227964,NA,84.5,0.5,3.00501988326109,NA,NA
2543608,"Dexter McDougle","NO","DB",27,4,6,0.306886145404664,0,0.529325227963526,0.480832611206852,199,0.0124108367626886,44,0.529325227963526,NA,140,7,3.89466147244514,NA,NA
497123,"Colt McCoy","WAS","QB",32,8,4,0.305435265866537,0,0.754740425836465,0.39453430971941,44,0.00384914377342938,21,0.754740425836465,NA,NA,NA,4.83967737503835,NA,NA
2543497,"AJ McCarron","OAK","QB",28,4,7,0.303092487302972,0,0.626678386115584,0.349956563144783,45,0.00768261464995551,21,0.626678386115584,NA,NA,NA,4.67462297962144,NA,NA
2543465,"Teddy Bridgewater","NO","QB",26,4,6,0.300079756883243,0,0.686666945071833,0.374442364722384,46,0.0102931743547423,21,0.686666945071833,NA,NA,NA,4.76528456496927,NA,NA
2556440,"J.D. McKissic","SEA","RB",25,2,7,0.296264509990485,0,0.651373602484472,0.547346305758088,102,0.0227269284040835,38,0.651373602484472,NA,NA,NA,5.13723724707512,NA,NA
2552280,"Carl Davis","CLE","DL",26,3,11,0.295603566529492,0,0.509864741641337,0.463154941677189,208,0.00902606310013715,46,0.509864741641337,NA,NA,NA,NA,NA,NA
2556711,"Jarrod Wilson","JAC","DB",24,2,9,0.295603566529492,0,0.509864741641337,0.463154941677189,200,0.0146673525377229,44,0.509864741641337,NA,NA,NA,NA,NA,NA
2560889,"Josh Sweat","PHI","DL",21,0,9,0.295603566529492,0,0.509864741641337,0.463154941677189,208,0.0231630736376107,46,0.509864741641337,NA,NA,NA,NA,NA,NA
2558171,"Corn Elder","CAR","DB",24,1,4,0.293347050754458,0,0.5059726443769,0.459619407771256,201,0.0293347050754458,44,0.5059726443769,NA,NA,NA,NA,NA,NA
2555263,"Kevin Hogan","DEN","QB",26,2,10,0.290739988422791,0,0.66087767971281,0.517283850770531,47,0.00769522147289353,21,0.66087767971281,NA,NA,NA,5.29417211384211,NA,NA
2558167,"Joshua Dobbs","PIT","QB",23,1,7,0.28883317663421,-0.115895747599451,0.810660639027523,0.459170234530252,48,0.019721221178001,21,0.926556386626974,NA,NA,NA,5.07899955508633,NA,NA
2556855,"Marcus Johnson","IND","WR",24,2,9,0.278918918918919,0,0.598630813953488,0.49819793989238,149,0.0259604427711301,32,0.598630813953488,NA,NA,NA,NA,NA,NA
2555268,"Anthony Zettel","CLE","DL",26,2,11,0.277551440329218,0,0.478727963525836,0.434870670429727,210,0.0163935263125078,46,0.478727963525836,NA,NA,NA,NA,NA,NA
81294,"Brian Hoyer","NE","QB",33,9,11,0.277256357265585,0,0.622110952721758,0.314682584908278,49,0.0304373267033186,21,0.622110952721758,NA,34.3,0.5,4.32149701177153,NA,NA
2560862,"Jaylen Samuels","PIT","RB",22,0,7,0.274874985540775,-0.00235,0.696221276595745,0.544170184572538,103,0.0487498071190261,38,0.698571276595745,NA,NA,NA,5.12823236598573,NA,NA
2556478,"Ben Braunecker","CHI","TE",24,2,5,0.274336426914153,0,0.47615900621118,0.246727578626537,82,0.0293937622124369,28,0.47615900621118,NA,NA,NA,4.32161639332452,NA,NA
2543563,"Kevin Pierre-Louis","NYJ","LB",27,4,11,0.273090501385936,0,0.531394495412844,0.389281150619897,168,0.00840274253329398,44,0.531394495412844,NA,NA,NA,NA,NA,NA
2552375,"Cameron Artis-Payne","CAR","RB",26,3,4,0.272200177632028,-0.00610644257703081,0.724372220192425,0.394495887785363,104,0.0939076664235062,38,0.730478662769456,NA,NA,NA,4.70387851864587,NA,NA
2507488,"Erik Walden","SEA","LB",33,10,7,0.269876203576341,0,0.466605504587156,0.424264068711929,169,0.0126334052224317,44,0.466605504587156,NA,NA,NA,NA,NA,NA
2559058,"Maurice Smith","MIA","DB",23,1,11,0.268525377229081,0,0.463159574468085,0.420728534805996,202,0.0191803840877915,44,0.463159574468085,NA,NA,NA,NA,NA,NA
2557876,"Montravius Adams","GB","DL",24,1,7,0.267329545454545,0,0.469386018237082,0.277484148837266,211,0.139836404165108,47,0.469386018237082,NA,NA,NA,NA,NA,NA
2559076,"Marcus Kemp","KC","WR",23,1,12,0.26338446969697,0,0.538651671732523,0.401764858179042,150,0.02111394268338,33,0.538651671732523,NA,113,13,9.87800199398832,NA,NA
2558191,"Nathan Peterman","BUF","QB",24,1,11,0.260967553646833,0,0.624070003901286,0.479735749867733,50,0.0302861286916516,21,0.624070003901286,NA,32,0,4.24935250149541,NA,NA
2552316,"Martrell Spaight","MIA","LB",25,3,11,0.259499314128944,0,0.447591185410334,0.406586399182265,170,0.0124108367626886,44,0.447591185410334,NA,NA,NA,NA,NA,NA
2560818,"Siran Neal","BUF","DB",24,0,11,0.259499314128944,0,0.447591185410334,0.406586399182265,203,0.0203086419753086,44,0.447591185410334,NA,NA,NA,NA,NA,NA
2560871,"Tim Settle","WAS","DL",21,0,4,0.254986282578875,0,0.439806990881459,0.399515331370399,212,0.254986282578875,47,0.439806990881459,NA,NA,NA,NA,NA,NA
2558166,"Tyus Bowser","BAL","LB",23,1,10,0.254986282578875,0,0.439806990881459,0.399515331370399,171,0.0214368998628258,44,0.439806990881459,NA,NA,NA,NA,NA,NA
2558144,"Adam Shaheen","CHI","TE",24,1,5,0.250614652711703,0,0.551006832298137,0.463008560610254,83,0.013139236355112,28,0.551006832298137,NA,NA,NA,5.0030178776439,NA,NA
2557866,"Jehu Chesson","WAS","WR",25,1,4,0.242532482598608,0,0.512459627329193,0.259901879318933,151,0.00265364491299597,33,0.512459627329193,NA,NA,NA,NA,NA,NA
2561272,"Trent Sherfield","ARI","WR",48,0,9,0.242008571428571,0,0.587382978723404,0.486514015877194,152,0.0274536973283937,33,0.587382978723404,NA,NA,NA,NA,NA,NA
2560880,"Durham Smythe","MIA","TE",NA,0,11,0.239270676691729,0,0.398993617021277,0.201060071251114,84,0.0271082392845694,28,0.398993617021277,NA,62.4,1.4,4.20388221790244,NA,NA
2556655,"Tyvis Powell","FA","DB",24,2,NA,0.239190672153635,0,0.412562310030395,0.37476659402887,204,0.00338477366255141,45,0.412562310030395,NA,NA,NA,NA,NA,NA
2560958,"Troy Apke","WAS","DB",23,0,4,0.239190672153635,0,0.412562310030395,0.37476659402887,204,0.0124108367626886,45,0.412562310030395,NA,NA,NA,NA,NA,NA
2561093,"Jermaine Carter","CAR","LB",NA,0,4,0.239190672153635,0,0.412562310030395,0.37476659402887,172,0.0191803840877915,44,0.412562310030395,NA,NA,NA,NA,NA,NA
4487,"Matthew Slater","NE","WR",33,10,11,0.237749103942652,0,0.583773291925466,0.501787148080247,153,0.0484872317848823,33,0.583773291925466,NA,NA,NA,NA,NA,NA
2552622,"Chris Manhertz","CAR","TE",NA,NA,4,0.235680156021453,0,0.451055319148936,0.249820059079991,85,0.0610511796632301,28,0.451055319148936,NA,71,10,6.9648021055708,NA,NA
252,"Chad Henne","KC","QB",33,10,12,0.2326705074777,-0.0149478737997257,0.670701439605006,0.357093466421387,51,0.0161920932489938,21,0.685649313404732,NA,NA,NA,4.70104821072855,NA,NA
2558248,"Chuck Clark","BAL","DB",23,1,10,0.232421124828532,0,0.400886018237082,0.364159992311072,206,0.0180521262002744,45,0.400886018237082,NA,NA,NA,NA,NA,NA
2543640,"Tom Savage","SF","QB",28,4,11,0.228692342432662,0,0.547516716824896,0.443125449618419,52,0.034298412082794,21,0.547516716824896,NA,NA,NA,5.01959183538961,NA,NA
2559287,"Isaiah Irving","CHI","LB",24,1,5,0.227908093278464,0,0.393101823708207,0.357088924499206,173,0.038360768175583,44,0.393101823708207,NA,NA,NA,NA,NA,NA
2555313,"Juston Burris","NYJ","DB",25,2,11,0.221138545953361,0,0.381425531914894,0.346482322781408,207,0.0214368998628258,45,0.381425531914894,NA,NA,NA,NA,NA,NA
2541741,"LaRoy Reynolds","PHI","LB",28,5,9,0.212112482853224,0,0.365857142857143,0.332340187157677,174,0.0476585381040524,44,0.365857142857143,NA,NA,NA,NA,NA,NA
2541696,"Jordan Dangerfield","PIT","DB",NA,NA,7,0.207599451303155,0,0.358072948328268,0.325269119345812,208,0.0180521262002744,45,0.358072948328268,NA,NA,NA,NA,NA,NA
81284,"Chase Daniel","CHI","QB",32,9,5,0.20426448602475,-0.0589478737997257,0.586608380598795,0.335382436545872,53,0.0380054997527957,22,0.645556254398521,NA,NA,NA,4.62066054680789,NA,NA
2555366,"Deiondre Hall","PHI","DB",NA,2,9,0.191803840877915,0,0.330828267477204,0.300520382004283,209,0.00451303155006857,46,0.330828267477204,NA,NA,NA,NA,NA,NA
2535988,"Brittan Golden","ARI","WR",30,6,9,0.191360644257703,-0.0305322128851541,0.486085626911315,0.420589996508487,154,0.00640910354844915,33,0.516617839796469,NA,NA,NA,NA,NA,NA
2561293,"Deon Yelder","KC","TE",NA,0,12,0.188644718792867,0,0.325379331306991,0.295570634535977,86,0.0506307392961288,28,0.325379331306991,NA,NA,NA,4.4754983042079,NA,NA
2541192,"Chris Banjo","NO","DB",28,5,6,0.187290809327846,0,0.323044072948328,0.293449314192417,210,0.0146673525377229,46,0.323044072948328,NA,NA,NA,NA,NA,NA
2556573,"Michael Jordan","NYG","DB",26,2,9,0.187290809327846,0,0.323044072948328,0.293449314192417,210,0.0372325102880658,46,0.323044072948328,NA,NA,NA,NA,NA,NA
2560051,"Justin Watson","TB","WR",NA,0,5,0.187163100057837,0,0.479095744680851,0.323218039346249,155,0.0108350478677158,33,0.479095744680851,NA,NA,NA,NA,NA,NA
2552576,"Sean Mannion","LAR","QB",26,3,12,0.184523374674986,-0.000921810699588469,0.483134807372384,0.282357467574182,54,0.0382709677833059,22,0.484056618071973,NA,NA,NA,4.42432930828351,NA,NA
2550223,"Freddie Martino","FA","WR",27,4,NA,0.182739981360671,0,0.392206395348837,0.326405546826042,156,0.0176328052190121,34,0.392206395348837,NA,NA,NA,NA,NA,NA
2552636,"Michael Burton","CHI","RB",26,3,5,0.18005017921147,0,0.404200310559006,0.253513294745048,105,0.030718331838374,39,0.404200310559006,NA,NA,NA,4.3041672318798,NA,NA
2559163,"Justin Davis","LAR","RB",NA,1,12,0.176534843205575,0,0.439513043478261,0.409188582657202,106,0.0895180364828858,39,0.439513043478261,NA,NA,NA,4.74553498024609,NA,NA
2560939,"Javon Wims","CHI","WR",24,0,5,0.169916123019571,0,0.364683139534884,0.303499894417197,157,0.00961789375582478,34,0.364683139534884,NA,NA,NA,NA,NA,NA
2539662,"Lerentee McCray","JAC","LB",28,5,9,0.166982167352538,0,0.288015197568389,0.261629509039023,175,0.0185502553855501,45,0.288015197568389,NA,NA,NA,NA,NA,NA
2553665,"Brandon King","NE","LB",NA,NA,11,0.161925722145805,0,0.279963302752294,0.254558441227157,176,0.0278894558882077,45,0.279963302752294,NA,NA,NA,NA,NA,NA
2550206,"Ryan Hewitt","IND","TE",27,4,9,0.160613233923579,0.102,0.151635215053763,0.0328134655014133,87,0.08492087138863,29,0.0496352150537635,NA,91,10,6.62295832990617,NA,NA
2555348,"Braxton Miller","FA","WR",26,2,NA,0.160298229263747,0,0.344040697674419,0.286320655110563,158,0.00723800352076212,34,0.344040697674419,NA,NA,NA,NA,NA,NA
2556752,"Tommylee Lewis","NO","WR",26,2,6,0.160298229263747,0,0.344040697674419,0.286320655110563,158,0.0226559353569365,34,0.344040697674419,NA,NA,NA,NA,NA,NA
2556652,"Lafayette Pitts","BUF","DB",48,2,11,0.157956104252401,0,0.272446808510638,0.247487373415292,212,0.0169238683127572,47,0.272446808510638,NA,NA,NA,NA,NA,NA
2506562,"Matt Cassel","DET","QB",36,13,6,0.147994597868923,-0.213869684499314,0.428674869370566,0.32572677071909,55,0.00691947132195739,22,0.64254455386988,NA,NA,NA,4.5849092985316,NA,NA
2557896,"Stacy Coley","FA","WR",NA,1,NA,0.145822222222222,0,0.328748546511628,0.212984864854024,160,0.0570331822836662,34,0.328748546511628,NA,NA,NA,NA,NA,NA
2543751,"David Fales","MIA","QB",28,4,11,0.144510215914437,-0.0219860964138742,0.416257771485383,0.221167824458692,56,0.00889167303692545,23,0.438243867899257,NA,NA,NA,4.19776739508101,NA,NA
2543724,"Walt Aikens","MIA","DB",27,4,11,0.14216049382716,0,0.245202127659574,0.222738636073762,213,0.00451303155006857,47,0.245202127659574,NA,NA,NA,NA,NA,NA
2556703,"Charles Washington","DET","DB",25,2,6,0.139903978052126,0,0.241310030395137,0.21920310216783,214,0.0146673525377229,47,0.241310030395137,NA,NA,NA,NA,NA,NA
2555427,"Nate Sudfeld","PHI","QB",25,2,9,0.137640037179495,0,0.306784062691533,0.303071964354238,57,0.01610735485781,23,0.306784062691533,NA,NA,NA,4.50102719018909,NA,NA
2555381,"DeAndre Houston-Carson","CHI","DB",25,2,5,0.135390946502058,0,0.233525835866261,0.212132034355964,215,0.0270781893004115,47,0.233525835866261,NA,NA,NA,NA,NA,NA
2560999,"Shaquem Griffin","SEA","LB",23,0,7,0.134938101788171,0,0.233302752293578,0.212132034355964,177,0.00406018683618153,45,0.233302752293578,NA,NA,NA,NA,NA,NA
497095,"Sam Bradford","ARI","QB",31,8,9,0.133597048575528,-0.0183193277310924,0.350311926605505,0.328664010920639,58,0.0483862903746121,23,0.368631254336597,NA,NA,NA,4.59578477885336,NA,NA
2559200,"Joseph Jones","DEN","LB",48,1,10,0.133134430727023,0,0.229633738601824,0.208596500450032,178,0.00451303155006857,45,0.229633738601824,NA,NA,NA,NA,NA,NA
2560729,"Robert Foster","FA","WR",NA,0,NA,0.129462365591398,0,0.219441860465116,0.197989898732233,161,0.105404508448541,34,0.219441860465116,NA,117,5,5.29845698843447,NA,NA
2553657,"Neville Hewitt","NYJ","LB",NA,NA,11,0.128621399176955,0,0.221849544072948,0.201525432638166,179,0.00181069958847738,45,0.221849544072948,NA,NA,NA,NA,NA,NA
2560774,"Peter Kalambayi","HOU","LB",23,0,10,0.128621399176955,0,0.221849544072948,0.201525432638166,179,0.00632373113854595,45,0.221849544072948,NA,NA,NA,NA,NA,NA
2552271,"Geneo Grissom","NE","LB",26,3,11,0.125,0.125,0.125,NA,181,0.00766117969821674,46,0,NA,NA,NA,NA,NA,NA
2561291,"Shaun Wilson","TB","RB",48,0,5,0.122128851540616,0,0.268990825688073,0.226051135256078,107,0.091841243315508,39,0.268990825688073,NA,NA,NA,4.22630701616103,NA,NA
2556542,"Nicholas Grigsby","NE","LB",26,2,11,0.119595336076818,0,0.206281155015198,0.187383297014435,182,0.0225651577503429,47,0.206281155015198,NA,NA,NA,NA,NA,NA
2553552,"Khari Lee","BUF","TE",NA,NA,11,0.115414725069897,0,0.247709302325581,0.206150871679605,88,0.0974297250698975,29,0.247709302325581,NA,NA,NA,4.19377793018812,NA,NA
2556371,"Brandon Williams","ARI","DB",26,2,9,0.115082304526749,0,0.198496960486322,0.18031222920257,216,0.0643106995884773,48,0.198496960486322,NA,NA,NA,NA,NA,NA
2557906,"Vince Biegel","NO","LB",25,1,6,0.115082304526749,0,0.198496960486322,0.18031222920257,183,0.0406172839506173,47,0.198496960486322,NA,NA,NA,NA,NA,NA
2553656,"Taylor Heinicke","CAR","QB",NA,NA,4,0.109468316067842,0,0.248090126521321,0.209990556466079,59,0.0777093300667374,23,0.248090126521321,NA,NA,NA,4.15638223426215,NA,NA
2535132,"Nate Ebner","NE","DB",30,6,11,0.101543209876543,0,0.175144376899696,0.159099025766973,217,0.101543209876543,48,0.175144376899696,NA,NA,NA,NA,NA,NA
2560976,"Keishawn Bierria","DEN","LB",22,0,10,0.0789780521262003,0,0.136223404255319,0.123743686707646,184,0.0101543209876543,47,0.136223404255319,NA,NA,NA,NA,NA,NA
2535867,"Julian Stanford","BUF","LB",28,6,11,0.0699519890260631,0,0.120655015197568,0.109601551083915,185,0.00564128943758573,48,0.120655015197568,NA,NA,NA,NA,NA,NA
2556192,"Joe Walker","ARI","LB",26,2,9,0.0676954732510288,0,0.116762917933131,0.106066017177982,186,0.00789780521262003,48,0.116762917933131,NA,NA,NA,NA,NA,NA
1037347,"Joe Webb","HOU","QB",32,8,10,0.0609532003339894,-0.00451303155006859,0.153612765957447,0.13177218534631,60,0.0589701002141651,24,0.158125797507515,NA,NA,NA,3.86676943532769,NA,NA
2560782,"Micah Kiser","LAR","LB",23,0,12,0.0609259259259259,0,0.105086626139818,0.0954594154601839,187,0.00338477366255143,48,0.105086626139818,NA,NA,NA,NA,NA,NA
2541848,"Deon Lacey","BUF","LB",28,2,11,0.0586694101508916,0,0.10119452887538,0.0919238815542512,188,0.00251788720538721,48,0.10119452887538,NA,NA,NA,NA,NA,NA
2561151,"Devante Downs","MIN","LB",23,0,10,0.0564128943758573,0,0.0973024316109423,0.0883883476483184,189,0.00703091875545579,48,0.0973024316109423,NA,NA,NA,NA,NA,NA
2553442,"D.J. Alexander","PHI","LB",27,3,9,0.0558901515151515,0,0.0935412844036697,0.0544428038160626,190,0.0344532516523257,48,0.0935412844036697,NA,NA,NA,NA,NA,NA
2560935,"Darrel Williams","KC","RB",NA,0,12,0.0519047619047619,0,0.114321100917431,0.0960717324838333,108,0.0473359632034632,40,0.114321100917431,NA,NA,NA,3.85779177456434,NA,NA
2560785,"Jordan Lasley","BAL","WR",22,0,10,0.0481157142857143,0,0.117804281345566,0.100762935792227,162,0.0481157142857143,35,0.117804281345566,NA,NA,NA,NA,NA,NA
2558289,"Tanner Vallejo","CLE","LB",NA,1,11,0.0428737997256516,0,0.0739498480243161,0.067175144212722,191,0.0428737997256516,49,0.0739498480243161,NA,NA,NA,NA,NA,NA
2541096,"Ifeanyi Momah","ARI","TE",29,5,9,0.03597,0,0.0763608562691132,0.0632085709280841,90,0.03597,30,0.0763608562691132,NA,NA,NA,3.74343275877843,NA,NA
2556273,"Darius Jackson","GB","RB",25,2,7,0.00867045454545455,0,0.0189577981651376,0.0158924110453224,109,0.00843688311688312,41,0.0189577981651376,NA,NA,NA,3.63046881892078,NA,NA
2560860,"Mason Rudolph","PIT","QB",23,0,7,0.00256477166821994,0,0.0055046511627907,0.00458113048176901,61,0.00122286446545067,25,0.0055046511627907,NA,NA,NA,3.3958294646865,NA,NA
2539308,"Matt Barkley","CIN","QB",28,5,9,0.00140142857142857,0,0.00343119266055046,0.00293484279006485,62,0.000475392448798672,26,0.00343119266055046,NA,NA,NA,3.38973388919163,NA,NA
2533349,"Austin Davis","FA","QB",29,6,NA,0.00128238583410997,0,0.00275232558139535,0.00229056524088451,63,0.000997542628535059,26,0.00275232558139535,NA,NA,NA,3.38734837512841,NA,NA
2495748,"Drew Stanton","CLE","QB",34,11,11,0.000569686411149826,0,0.00142018348623853,0.00131668766230526,64,0.000569686411149826,27,0.00142018348623853,NA,NA,NA,3.38374247785244,NA,NA
2560777,"John Kelly","LAR","RB",22,0,12,0.000467142857142857,0,0.00114373088685015,0.000978280930021617,110,0.000467142857142857,42,0.00114373088685015,NA,NA,NA,3.58818454814078,NA,NA
949,"Jonathan Stewart","NYG","RB",31,10,9,0,0,0,0,111,0,46,0,NA,NA,NA,3.58541094381896,NA,NA
2346,"Pierre Garcon","SF","WR",32,10,11,0,0,0,0,163,0,37,0,NA,71.3,15.5,11.3091098082239,NA,NA
238457,"Zach Miller","CHI","TE",34,9,5,0,0,0,0,91,0,30,0,NA,NA,NA,3.54429174482027,NA,NA
496814,"Albert McClellan","BAL","LB",32,8,10,0,0,0,NA,192,0,50,0,NA,NA,NA,NA,NA,NA
497246,"Michael Hoomanawanui","NO","TE",30,8,6,0,0,0,0,91,0,30,0,NA,NA,NA,3.54429174482027,NA,NA
2495262,"Nick Bellore","DET","LB",29,7,6,0,0,0,0,192,0,52,0,NA,NA,NA,NA,NA,NA
2495328,"Bilal Powell","NYJ","RB",30,7,11,0,0,0,0,111,0,46,0,NA,NA,NA,3.58541094381896,NA,NA
2495459,"Torrey Smith","CAR","WR",29,7,4,0,0,0,0,163,0,35,0,NA,NA,NA,NA,NA,NA
2495663,"Marshawn Lynch","OAK","RB",32,11,7,0,0,0,0,111,0,46,0,NA,NA,NA,3.58541094381896,NA,NA
2506467,"Darren Sproles","PHI","RB",35,13,9,0,0,0,0,111,0,46,0,NA,NA,NA,3.58541094381896,NA,NA
2507166,"Ted Ginn","NO","WR",33,11,6,0,0,0,0,163,0,35,0,NA,NA,NA,NA,NA,NA
2507763,"Mike Wallace","PHI","WR",32,9,9,0,0,0,0,163,0,35,0,NA,NA,NA,NA,NA,NA
2532956,"Ryan Tannehill","MIA","QB",30,6,11,0,0,0,0,65,0,27,0,NA,NA,NA,3.37886728557032,NA,NA
2533033,"Robert Griffin","BAL","QB",28,6,10,0,0,0,0,65,0,27,0,NA,NA,NA,3.37886728557032,NA,NA
2533460,"Robert Turbin","IND","RB",29,6,9,0,0,0,0,111,0,46,0,NA,NA,NA,3.58541094381896,NA,NA
2534761,"Ryan Davis","LAR","DL",29,6,12,0,0,0,NA,213,0,49,0,NA,NA,NA,NA,NA,NA
2535869,"Rod Streater","CLE","WR",30,6,11,0,0,0,0,163,0,35,0,NA,NA,NA,NA,NA,NA
2539265,"Rex Burkhead","NE","RB",28,5,11,0,0,0,0,111,0,46,0,NA,NA,NA,3.58541094381896,NA,NA
2539280,"John Simon","NE","LB",28,5,11,0,0,0,NA,192,0,54,0,NA,NA,NA,NA,NA,NA
2539662,"Lerentee McCray","JAC","DL",28,5,9,0,0,0,NA,213,0,50,0,NA,NA,NA,NA,NA,NA
2540020,"Theo Riddick","DET","RB",27,5,6,0,0,0,0,111,0,46,0,NA,NA,NA,3.58541094381896,NA,NA
2540037,"Fozzy Whittaker","CAR","RB",29,6,4,0,0,0,0,111,0,46,0,NA,NA,NA,3.58541094381896,NA,NA
2540148,"Tyler Eifert","CIN","TE",28,5,9,0,0,0,0,91,0,30,0,NA,NA,NA,3.54429174482027,NA,NA
2540156,"Giovani Bernard","CIN","RB",27,5,9,0,0,0,0,111,0,46,0,NA,NA,NA,3.58541094381896,NA,NA
2540175,"LeVeon Bell","PIT","RB",26,5,7,0,0,0,0,111,0,46,0,NA,NA,NA,3.58541094381896,NA,NA
2540202,"Kenny Stills","MIA","WR",26,5,11,0,0,0,0,163,0,35,0,NA,NA,NA,NA,NA,NA
2540259,"MarQueis Gray","MIA","TE",28,5,11,0,0,0,0,91,0,30,0,NA,NA,NA,3.54429174482027,NA,NA
2541185,"Ryan Griffin","TB","QB",29,5,5,0,0,0,0,65,0,27,0,NA,NA,NA,3.37886728557032,NA,NA
2541316,"Ryan Griffin","HOU","TE",28,5,10,0,0,0,0,91,0,30,0,NA,NA,NA,3.54429174482027,NA,NA
2541479,"Nick Williams","FA","WR",28,5,NA,0,1.85,1.85,NA,163,0,39,0,NA,107,8,7.01578636551717,NA,NA
2543475,"Marqise Lee","JAC","WR",27,4,9,0,0,0,0,163,0,35,0,NA,NA,NA,NA,NA,NA
2543590,"Cody Latimer","NYG","WR",26,4,9,0,0,0,0,163,0,35,0,NA,NA,NA,NA,NA,NA
2543603,"Jeremy Hill","NE","RB",26,4,11,0,0,0,0,111,0,46,0,NA,NA,NA,3.58541094381896,NA,NA
2543638,"DeAnthony Thomas","KC","WR",25,4,12,0,0,0,0,163,0,35,0,NA,NA,NA,NA,NA,NA
2543646,"Bruce Ellington","HOU","WR",27,4,10,0,0,0,0,163,0,35,0,NA,NA,NA,NA,NA,NA
2543683,"Austin Seferian-Jenkins","JAC","TE",26,4,9,0,0,0,0,91,0,30,0,NA,NA,NA,3.54429174482027,NA,NA
2543715,"Jerick McKinnon","SF","RB",26,4,11,0,0,0,0,111,0,46,0,NA,NA,NA,3.58541094381896,NA,NA
2543759,"Ryan Grant","IND","WR",28,4,9,0,0,0,0,163,0,35,0,NA,NA,NA,NA,NA,NA
2543801,"Jimmy Garoppolo","SF","QB",27,4,11,0,0,0,0,65,0,27,0,NA,NA,NA,3.37886728557032,NA,NA
2543828,"Quincy Enunwa","NYJ","WR",26,4,11,0,0,0,0,163,0,35,0,NA,NA,NA,NA,NA,NA
2550162,"James Wright","FA","WR",27,4,NA,0,0,0,0,163,0,35,0,NA,NA,NA,NA,NA,NA
2550206,"Ryan Hewitt","IND","RB",27,4,9,0,0,0,NA,111,0,44,0,NA,91,10,11.427064089031,NA,NA
2550272,"Albert Wilson","MIA","WR",26,4,11,0,0,0,0,163,0,35,0,NA,NA,NA,NA,NA,NA
2550313,"Richard Rodgers","PHI","TE",26,4,9,0,0,0,0,91,0,30,0,NA,NA,NA,3.54429174482027,NA,NA
2550405,"Erik Swoope","IND","TE",26,4,9,0,0,0,0,91,0,30,0,NA,NA,NA,3.54429174482027,NA,NA
2550489,"Anthony Johnson","IND","DL",25,4,9,0,0,0,NA,213,0,52,0,NA,NA,NA,NA,NA,NA
2550647,"Kasim Edebali","FA","LB",29,4,NA,0,0,0,NA,192,0,56,0,NA,NA,NA,NA,NA,NA
2550654,"KWaun Williams","SF","TE",NA,NA,11,0,0,0,NA,91,0,32,0,NA,78,29,21.4582648283862,NA,NA
2552271,"Geneo Grissom","NE","DL",26,3,11,0,0,0,NA,213,0,53,0,NA,NA,NA,NA,NA,NA
2552582,"Jay Ajayi","PHI","RB",25,3,9,0,0,0,0,111,0,46,0,NA,NA,NA,3.58541094381896,NA,NA
2552586,"Tyler Kroft","CIN","TE",26,3,9,0,0,0,0,91,0,30,0,NA,NA,NA,3.54429174482027,NA,NA
2553318,"James OShaughnessy","JAC","TE",NA,NA,9,0,0,0,0,91,0,30,0,NA,NA,NA,3.54429174482027,NA,NA
2553548,"Jake Kumerow","GB","WR",NA,NA,7,0,0,0,NA,163,0,35,0,NA,NA,NA,NA,NA,NA
2553650,"Corey Grant","JAC","RB",NA,NA,9,0,0,0,0,111,0,46,0,NA,NA,NA,3.58541094381896,NA,NA
2553665,"Brandon King","NE","DB",NA,NA,11,0,0,0,NA,218,NA,50,0,NA,NA,NA,NA,NA,NA
2554630,"Ross Travis","IND","TE",25,3,9,0,0,0,0,91,0,30,0,NA,NA,NA,3.54429174482027,NA,NA
2555219,"Daniel Lasco","FA","RB",26,2,NA,0,0,0,0,111,0,46,0,NA,NA,NA,3.58541094381896,NA,NA
2555229,"Kenneth Dixon","BAL","RB",24,2,10,0,0,0,0,111,0,46,0,NA,NA,NA,3.58541094381896,NA,NA
2555460,"Paul Perkins","NYG","RB",24,2,9,0,0,0,0,111,0,46,0,NA,NA,NA,3.58541094381896,NA,NA
2555468,"Rashard Higgins","CLE","WR",24,2,11,0,0,0,0,163,0,35,0,NA,NA,NA,NA,NA,NA
2555473,"Ricardo Louis","CLE","WR",NA,2,11,0,0,0,0,163,0,35,0,NA,NA,NA,NA,NA,NA
2556381,"Mike Thomas","LAR","WR",24,2,12,0,0,0,0,163,0,35,0,NA,NA,NA,NA,NA,NA
2556414,"Rob Kelley","WAS","RB",26,2,4,0,0,0,0,111,0,46,0,NA,NA,NA,3.58541094381896,NA,NA
2556462,"Robby Anderson","NYJ","WR",25,2,11,0,0,0,0,163,0,41,0,NA,40.8,4.8,5.18396836329563,NA,NA
2556528,"D.J. Foster","ARI","RB",NA,2,9,0,0,0,0,111,0,46,0,NA,NA,NA,3.58541094381896,NA,NA
2556714,"Eddie Yarbrough","BUF","DL",25,2,11,0,0,0,NA,213,0,55,0,NA,99,1,3.1364457416704,NA,NA
2556841,"Byron Marshall","WAS","RB",24,2,4,0,0,0,0,111,0,46,0,NA,NA,NA,3.58541094381896,NA,NA
2556861,"Jaydon Mickens","JAC","WR",24,2,9,0,0,0,0,163,0,35,0,NA,NA,NA,NA,NA,NA
2557859,"Jake Butt","DEN","TE",23,1,10,0,0,0,0,91,0,30,0,NA,NA,NA,3.54429174482027,NA,NA
2557898,"Cooper Kupp","LAR","WR",25,1,12,0,0,0,0,163,0,35,0,NA,71.9,28.8,18.9226033799572,NA,NA
2557905,"Amara Darboh","SEA","WR",24,1,7,0,0,0,0,163,0,35,0,NA,NA,NA,NA,NA,NA
2557973,"Leonard Fournette","JAC","RB",22,1,9,0,0,0,0,111,0,46,0,NA,NA,NA,3.58541094381896,NA,NA
2557991,"Dalvin Cook","MIN","RB",23,1,10,0,0,0,0,111,0,46,0,NA,NA,NA,3.58541094381896,NA,NA
2558010,"John Ross","CIN","WR",NA,1,9,0,0,0,0,163,0,35,0,NA,NA,NA,NA,NA,NA
2558016,"Brad Kaaya","IND","QB",23,1,9,0,0,0,0,65,0,27,0,NA,NA,NA,3.37886728557032,NA,NA
2558113,"Elijah Hood","CAR","RB",NA,1,4,0,0,0,0,111,0,46,0,NA,NA,NA,3.58541094381896,NA,NA
2558185,"Tanoh Kpassagnon","KC","LB",24,1,12,0,0,0,NA,192,0,58,0,NA,NA,NA,NA,NA,NA
2558254,"Robert Davis","WAS","WR",23,1,4,0,0,0,0,163,0,35,0,NA,NA,NA,NA,NA,NA
2558262,"Mack Hollins","PHI","WR",25,1,9,0,0,0,0,163,0,35,0,NA,NA,NA,NA,NA,NA
2558864,"Mason Schreck","CIN","TE",NA,1,9,0,0,0,0,91,0,30,0,NA,NA,NA,3.54429174482027,NA,NA
2558906,"Quincy Adeboyejo","BAL","WR",NA,NA,10,0,0,0,NA,163,0,35,0,NA,NA,NA,NA,NA,NA
2558929,"Cethan Carter","CIN","RB",25,1,9,0,0,0,NA,111,0,46,0,NA,NA,NA,NA,NA,NA
2558929,"Cethan Carter","CIN","TE",25,1,9,0,0,0,NA,91,0,30,0,NA,NA,NA,NA,NA,NA
2558955,"Cody Hollister","NE","WR",25,1,11,0,0,0,NA,163,0,35,0,NA,NA,NA,NA,NA,NA
2558990,"Patrick Ricard","BAL","DL",24,1,10,0,0,0,0,213,NA,57,0,NA,NA,NA,NA,NA,NA
2559101,"Travin Dural","NO","WR",NA,1,6,0,0,0,NA,163,0,35,0,NA,NA,NA,NA,NA,NA
2559252,"Kyle Sloter","MIN","QB",24,1,10,0,0,0,0,65,0,27,0,NA,NA,NA,3.37886728557032,NA,NA
2559270,"Robert Tonyan","GB","TE",24,1,7,0,0,0,0,91,0,34,0,NA,NA,NA,3.54429174482027,NA,NA
2560714,"Duke Ejiofor","HOU","LB",23,0,10,0,0,0,NA,192,0,58,0,NA,140,14,6.46752069593972,NA,NA
2560720,"Luke Falk","MIA","QB",24,0,11,0,0,0,0,65,0,27,0,NA,NA,NA,3.37886728557032,NA,NA
2560733,"Royce Freeman","DEN","RB",22,0,10,0,0,0,0,111,0,46,0,NA,NA,NA,3.58541094381896,NA,NA
2560734,"Troy Fumagalli","DEN","TE",NA,0,10,0,0,0,0,91,0,30,0,NA,NA,NA,3.54429174482027,NA,NA
2560751,"Ryan Izzo","NE","TE",23,0,11,0,0,0,0,91,0,30,0,NA,NA,NA,3.54429174482027,NA,NA
2560844,"Byron Pringle","KC","WR",48,0,12,0,0,0,NA,163,0,35,0,NA,NA,NA,NA,NA,NA
2560847,"Trey Quinn","WAS","WR",23,0,4,0,0,0,0,163,0,35,0,NA,NA,NA,NA,NA,NA
2560862,"Jaylen Samuels","PIT","TE",22,0,7,0,0,0,NA,91,0,36,0,NA,NA,NA,NA,NA,NA
2560867,"Jaleel Scott","BAL","WR",23,0,10,0,0,0,0,163,0,35,0,NA,NA,NA,NA,NA,NA
2560918,"Chris Warren","OAK","RB",NA,0,7,0,0,0,0,111,0,46,0,NA,NA,NA,3.58541094381896,NA,NA
2560955,"Josh Allen","BUF","QB",22,0,11,0,0,0,0,65,0,27,0,NA,NA,NA,3.37886728557032,NA,NA
2560972,"Nick Bawden","DET","RB",22,0,6,0,0,0,0,111,0.00340625,46,0,NA,NA,NA,3.58541094381896,NA,NA
2560975,"Braxton Berrios","NE","WR",23,0,11,0,0,0,0,163,0,35,0,NA,NA,NA,NA,NA,NA
2560987,"Deon Cain","IND","WR",22,0,9,0,0,0,0,163,0,35,0,NA,NA,NA,NA,NA,NA
2561000,"Derrius Guice","WAS","RB",21,0,4,0,0,0,0,111,0.0068125,46,0,NA,NA,NA,3.58541094381896,NA,NA
2561002,"DaeSean Hamilton","DEN","WR",23,0,10,0,0,0,0,163,0,35,0,NA,NA,NA,NA,NA,NA
2561029,"Keke Coutee","HOU","WR",21,0,10,0,0,0,0,163,0,35,0,NA,NA,NA,NA,NA,NA
2561046,"Will Dissly","SEA","TE",NA,0,7,0,0,0,0,91,NA,30,0,NA,NA,NA,3.54429174482027,NA,NA
2561067,"Cam Sims","WAS","WR",48,0,4,0,0,0,0,163,0,35,0,NA,NA,NA,NA,NA,NA
2561092,"Jake Martin","SEA","LB",23,0,7,0,0,0,NA,192,NA,60,0,NA,NA,NA,NA,NA,NA
2561133,"Darren Andrews","NE","WR",23,0,11,0,0,0,NA,163,0,35,0,NA,NA,NA,NA,NA,NA
2561187,"Tim Boyle","GB","QB",48,0,7,0,0,0,0,65,NA,27,0,NA,NA,NA,3.37886728557032,NA,NA
2561261,"Brandon Powell","DET","WR",48,0,6,0,0,0,0,163,NA,35,0,NA,NA,NA,NA,NA,NA
2558273,"T.J. Logan","ARI","RB",24,1,9,-0.0068125,-0.022,-0.00318683127572017,0.0124868943927534,289,NA,46,0.0188131687242798,NA,NA,NA,3.62081355997039,NA,NA
